Year   Population
   1950 39728535
   1951 40548590
   1952 41426885
   1953 42329279
   1954 43282032
   195544172376.5
   195645082648.5
   195745992920.5
   195846903192.5
   195947813464.5
   196048723736.5
   196149634008.5
   196250544280.5
   196351454552.5
   196452364824.5
   196553275096.5
   196654185368.5
   196755095640.5
   196856005912.5
   196956916184.5
   197057826456.5
   197158736728.5
  197360557272.5
  197461467544.5
  197562377816.5
  197663288088.5
  197764198360.5
  197865108632.5
  197966018904.5
  1980 83929765
  1981 86154836
  1982 88555336
  1983 91045478
  1984 93534239
  1985 95959099
  1986 98271746
  1987 100490256
  1988 102688833
  1989 104893674
  1990 107147651
  1991 109242834
  1992 111272102
  1993 113418757

  1995 117793338
  1996 119876868
  1997 122039226
  1998 124350471
  1999 126754824

  2001 131670484
  2002 134139826
  2003 136503206
  2004 138789725
  2005 140912590
  2006 142628831
  2007 144135934
  2008 145421318
  2009 146706810
  2010 148391139
  2011 150211005
  2012 152090649
  2013 154030139
  2014 155961299
  2016 159784568
  2018 163683958
  2019 165516222
  2020 167420951
  2021 169356251
  2022 171186372
  2023 172954319
  2024 174701211