467 359
811 395
834 189
907 876
100 860
234 154
23 847
967 876
652 523
957 344
57 776
300 2
930 736
131 979
912 216
677 304
473 756
270 339
105 260
120 578
494 28
934 83
595 65
788 275
280 889
955 747
167 406
908 198
745 790
796 554
29 189
125 49
878 785
938 386
189 386
94 676
921 60
462 960
632 420
915 213
980 256
874 796
94 666
851 654
572 606
927 537
731 150
287 113
383 568
800 968
300 229
823 926
842 401
477 191
483 777
762 163
887 409
554 653
1 306
872 277
909 691
228 933
583 477
461 572
253 111
464 442
669 859
531 890
634 765
25 624
759 374
777 296
849 374
579 288
403 606
406 399
895 550
620 100
799 631
877 17
12 408
306 311
424 445
454 354
679 870
543 991
370 527
576 812
599 389
975 177
622 424
93 523
954 298
690 794
335 979
867 658
931 948
255 356
122 924
341 513
422 841
406 490
333 523
939 219
720 317
316 610
990 353
854 432
463 145
619 638
473 344
732 627
787 466
503 825
868 1000
616 274
476 225
758 455
312 217
275 343
391 366
955 424
304 327
559 27
130 320
175 601
20 440
621 646
700 973
192 634
427 897
263 829
595 668
591 101
228 20
938 392
150 151
331 367
730 291
325 94
655 380
908 241
164 865
703 306
686 980
897 79
455 861
282 359
570 385
884 335
908 434
622 717
228 702
319 364
280 65
297 289
638 437
875 776
61 799
919 698
746 414
527 921
491 630
236 695
650 836
156 273
381 150
184 540
591 773
155 809
238 681
534 442
558 856
396 710
990 885
740 78
811 442
896 893
646 630
359 255
293 898
876 561
824 7
845 115
8 51
980 216
350 924
671 734
139 695
152 916
412 240
640 207
264 127
94 732
372 127
346 546
510 450
954 953
850 68
998 378
72 193
819 64
924 491
521 274
186 429
307 123
277 656
683 402
670 199
93 473
101 438
730 914
523 99
268 674
738 192
122 534
171 815
16 412
865 584
688 602
881 197
260 997
25 119
555 563
6 550
54 732
533 636
358 530
798 677
646 25
104 530
965 979
138 837
676 874
444 894
989 219
698 461
184 499
9 590
733 47
542 486
490 848
239 230
948 162
991 552
981 566
368 500
69 106
482 94
386 159
77 16
875 258
937 739
363 940
395 37
978 786
451 186
188 135
53 831
732 303
457 977
285 108
850 786
629 218
602 142
459 990
894 646
239 985
252 578
858 618
806 937
474 36
465 470
790 192
363 772
486 153
9 92
669 290
193 839
917 472
783 454
35 108
228 855
721 990
273 254
112 815
241 382
993 861
380 274
524 783
428 403
513 635
804 323
206 739
863 429
86 765
802 123
731 147
818 463
451 842
105 573
382 596
723 279
788 456
990 332
308 307
53 108
619 572
221 441
256 668
720 28
423 753
574 746
752 938
696 942
877 316
435 345
609 535
396 583
273 483
641 910
722 726
543 889
92 280
775 658
691 593
987 810
649 919
666 934
404 259
186 361
180 830
791 46
416 986
815 415
241 69
774 654
292 75
940 602
984 545
755 48
184 397
826 476
693 817
543 522
337 556
522 791
181 991
763 258
602 577
632 336
109 340
560 428
143 629
930 626
560 858
85 497
541 262
964 641
219 607
765 247
350 622
494 385
131 201
55 72
873 8
835 102
439 453
949 325
409 968
550 274
898 423
619 474
302 784
249 940
797 979
586 937
504 535
640 315
830 497
485 773
245 432
193 576
611 672
472 990
815 401
216 930
2 75
943 610
456 746
224 909
742 405
251 76
125 608
598 369
342 437
605 402
565 678
261 902
136 858
345 794
903 980
283 116
709 881
734 397
93 365
444 467
708 2
742 71
711 703
871 393
179 243
902 829
858 62
253 953
98 562
538 269
535 980
429 832
504 745
442 712
683 489
322 247
293 432
397 389
459 683
249 856
945 640
734 309
114 187
316 898
726 751
882 818
935 224
372 887
674 17
92 915
895 550
558 399
469 749
768 461
598 221
67 416
307 126
456 43
757 198
448 592
545 781
640 231
379 676
404 990
438 520
42 801
424 19
912 243
238 616
399 965
6 881
613 925
361 340
49 267
643 676
816 340
383 238
538 312
736 499
232 476
709 683
412 171
396 730
170 8
506 745
688 687
343 155
877 714
920 221
174 720
973 281
159 141
447 612
212 600
670 149
321 724
951 711
737 249
320 125
825 642
456 45
658 535
283 795
576 708
711 409
291 795
371 348
59 442
112 537
525 120
75 347
529 955
181 872
511 494
248 556
620 637
50 69
804 348
831 237
59 287
347 220
553 837
681 672
166 104
383 492
852 479
143 428
112 778
31 946
923 488
111 755
714 234
951 485
114 632
844 274
264 993
206 326
453 983
607 119
703 422
765 508
16 33
393 576
304 186
623 576
152 122
484 527
478 451
639 869
80 270
563 986
616 293
33 743
245 193
719 462
292 407
422 159
744 201
463 25
726 485
294 655
101 125
311 374
186 779
435 917
342 661
294 102
865 909
103 486
933 481
899 425
121 949
453 80
686 361
84 175
895 420
941 5
343 455
135 715
231 275
537 826
823 457
2 800
721 729
668 461
991 774
808 981
86 125
900 380
914 707
895 184
380 105
648 377
441 944
29 764
274 724
410 808
343 959
945 309
444 699
458 278
37 232
658 896
749 954
998 111
213 848
273 320
803 61
485 736
277 837
56 769
526 603
491 485
502 460
212 75
812 731
684 451
651 539
127 954
818 502
405 375
743 24
421 306
318 562
52 352
235 469
917 774
545 430
997 64
555 289
361 472
533 301
429 882
544 101
126 173
836 779
327 243
437 664
136 767
667 601
786 984
832 77
227 803
12 260
696 702
565 392
326 407
979 190
720 107
345 962
524 472
971 773
461 556
114 840
228 660
758 414
79 844
693 270
994 107
166 684
313 858
841 764
308 799
984 823
127 880
164 999
517 952
881 208
484 488
138 414
253 787
977 425
909 403
689 298
448 831
707 425
629 44
283 569
231 200
364 274
873 971
870 829
560 78
959 78
436 401
48 565
931 890
483 34
138 283
258 753
806 390
121 749
802 724
29 930
619 11
825 321
709 797
307 871
705 293
931 761
492 87
917 811
569 567
410 789
628 722
765 936
602 883
458 330
797 353
319 797
911 611
483 280
50 953
65 357
334 597
158 418
321 482
193 21
631 251
677 488
158 407
392 883
889 455
504 863
625 442
477 682
830 317
959 153
149 741
802 711
387 490
902 53
255 472
942 883
772 845
995 549
717 13
951 304
158 162
674 997
844 285
922 730
998 757
649 554
949 10
340 424
587 148
829 954
930 748
733 527
883 711
178 268
705 114
30 405
859 48
335 484
938 398
854 671
930 856
522 828
782 239
724 502
308 830
106 493
884 892
493 382
141 227
163 136
602 665
195 551
608 173
741 322
703 718
709 414
25 375
267 499
415 673
650 926
569 966
922 572
722 482
539 214
681 155
412 387
989 24
902 698
157 369
585 747
560 235
611 760
799 119
530 592
371 90
720 315
404 276
484 770
700 249
909 279
654 354
386 13
24 382
578 859
494 410
569 146
775 700
89 452
172 176
127 426
551 413
242 717
758 935
662 223
400 447
860 951
12 684
564 638
509 921
439 302
748 179
644 562
781 606
245 953
440 35
726 103
625 827
546 117
175 315
368 339
613 720
515 684
594 670
60 1
873 192
481 486
23 909
152 650
731 574
339 473
255 808
777 842
488 630
121 46
831 774
641 955
68 689
516 1000
354 816
492 791
752 849
178 607
309 188
397 881
302 336
739 412
736 15
662 278
270 947
650 255
147 252
821 840
745 808
463 62
892 351
910 949
303 436
932 999
882 611
363 906
730 977
286 890
372 664
229 64
39 128
651 516
307 684
189 94
390 408
866 975
190 404
929 41
733 657
871 349
44 19
921 171
346 80
52 463
823 32
44 209
923 763
81 564
523 758
210 739
452 539
724 574
532 483
304 411
420 497
163 717
842 310
291 100
618 868
977 552
150 388
161 238
137 988
16 723
310 970
938 409
659 36
791 863
397 672
95 663
779 381
839 767
316 821
937 463
906 359
805 155
720 206
205 377
627 572
673 736
49 575
754 485
219 146
255 687
26 208
799 35
241 957
753 491
319 416
726 644
388 200
741 553
163 277
648 478
969 546
940 794
399 208
313 483
777 482
295 191
611 123
771 623
471 405
822 669
580 287
315 521
624 492
71 102
17 541
125 213
204 794
731 623
332 604
201 596
14 642
69 755
285 218
783 749
911 741
614 481
207 315
922 924
902 971
862 696
606 494
81 502
217 151
444 19
107 650
974 562
983 210
472 261
209 881
366 290
394 847
93 900
439 923
228 759
429 758
842 111
131 192
988 196
160 828
774 135
227 628
684 978
258 255
528 143
760 469
756 113
628 120
653 771
422 83
327 190
198 211
6 839
71 478
866 817
587 649
66 658
502 739
847 525
932 791
965 68
323 63
3 86
213 86
243 141
145 157
164 183
671 379
797 903
628 89
440 468
45 349
804 650
98 248
858 810
516 535
404 354
941 475
511 643
548 917
561 688
995 697
837 328
672 372
631 937
763 116
845 64
345 234
40 393
439 511
142 281
483 693
951 373
577 581
101 764
739 142
517 687
934 155
378 445
226 513
537 171
943 492
313 421
43 705
828 570
452 949
919 138
438 966
87 57
121 614
305 551
920 711
965 1
587 461
125 77
473 78
531 539
615 722
9 104
466 477
596 901
790 338
580 642
427 731
62 624
4 663
23 333
290 286
769 522
116 305
458 800
577 86
714 977
352 643
163 60
175 495
580 304
127 705
174 902
388 274
545 294
426 971
688 222
626 805
940 143
695 339
990 346
502 17
445 127
543 946
172 82
633 556
760 493
158 578
890 617
120 628
777 731
150 848
4 135
330 408
348 749
898 124
30 700
945 155
364 232
249 458
499 551
537 462
369 711
641 886
887 560
612 704
879 701
254 454
99 486
267 764
678 106
397 397
594 936
311 96
367 793
91 319
490 517
104 15
84 111
435 328
616 700
714 914
861 622
735 80
905 119
153 479
433 769
704 153
519 631
73 795
117 958
488 270
640 865
194 741
386 557
933 654
967 326
280 848
821 205
312 873
464 108
481 897
731 487
873 332
830 773
653 930
498 955
2 971
835 479
220 695
817 700
922 54
692 413
175 928
224 686
434 368
935 250
426 744
20 750
443 69
974 453
562 673
642 190
640 409
393 956
598 570
591 69
693 839
725 532
210 678
262 196
920 982
653 657
581 839
92 314
563 872
793 207
965 84
823 350
849 378
678 924
419 757
107 270
61 677
864 373
583 395
956 10
387 872
355 78
6 36
889 534
237 838
307 265
84 695
589 190
323 86
79 368
114 546
19 330
16 736
530 802
899 799
431 374
345 642
237 213
179 867
264 325
887 298
172 923
44 748
110 122
45 251
307 742
966 175
647 875
601 556
393 200
67 100
768 406
673 749
402 346
226 333
233 238
703 392
948 302
735 132
956 709
766 677
978 101
456 971
46 281
51 397
522 682
58 104
246 487
383 681
708 819
778 834
113 580
732 183
47 539
944 429
260 971
574 610
715 834
323 129
230 646
478 932
385 215
800 201
433 496
280 631
585 489
790 874
915 451
983 519
197 393
735 569
393 464
159 82
205 359
712 601
316 228
321 325
547 134
242 558
596 642
834 589
612 485
373 618
893 715
378 364
587 801
96 513
862 590
800 126
296 744
755 929
282 710
667 905
332 425
485 768
131 175
157 549
425 419
184 675
221 502
451 985
498 343
388 579
441 436
26 994
701 34
747 429
33 291
871 64
325 89
237 563
400 660
534 482
724 208
73 924
430 332
88 463
551 532
606 109
854 633
764 9
343 785
617 84
781 931
388 537
580 669
892 244
160 604
454 150
76 829
937 775
206 927
339 163
472 537
517 575
157 219
880 232
715 561
81 400
979 742
324 756
591 793
135 19
249 26
780 973
58 835
283 59
52 463
111 562
593 616
726 364
796 292
223 893
631 517
786 921
468 944
721 366
742 105
443 535
346 279
234 470
272 108
630 859
409 438
72 546
420 505
896 678
515 717
852 14
311 385
419 332
742 775
303 765
576 236
995 879
206 977
692 411
839 231
21 65
293 483
529 515
294 763
423 357
926 920
947 393
614 71
656 386
420 720
934 772
228 634
879 92
912 701
614 153
631 627
341 793
287 23
57 488
340 581
599 12
187 861
23 174
34 536
879 726
822 427
536 552
307 548
755 377
600 650
698 404
416 928
485 282
425 157
396 628
402 384
550 899
530 359
364 782
682 102
988 35
96 149
883 553
269 782
149 241
919 278
224 276
787 54
585 593
373 597
156 4
17 883
830 574
805 952
768 810
263 383
520 150
209 298
8 131
986 727
256 812
496 325
85 137
160 641
533 872
100 798
851 401
93 365
806 722
403 931
445 285
349 802
112 249
338 378
511 103
14 110
593 381
354 545
812 12
131 939
841 398
857 669
597 581
375 656
977 379
815 958
25 560
325 278
223 253
851 541
966 570
941 282
824 904
583 992
594 368
598 83
693 727
119 299
450 404
192 547
12 860
362 312
70 636
154 650
238 29
222 435
632 316
595 458
425 21
25 155
308 801
390 749
217 991
286 641
794 253
120 176
657 535
258 625
654 409
996 582
678 950
335 367
323 628
388 346
427 519
948 125
929 150
242 399
448 847
385 616
113 535
389 211
178 1000
174 648
178 765
60 496
882 410
932 116
312 411
432 689
162 470
170 934
897 271
478 570
126 854
192 310
894 68
848 877
715 91
271 208
903 738
17 860
355 383
383 984
801 728
577 974
835 543
386 674
905 338
145 271
949 811
897 999
365 654
705 319
961 693
844 456
521 955
387 94
541 20
666 403
380 100
455 100
77 566
187 907
225 843
830 454
877 382
579 769
117 704
705 458
773 902
945 484
740 840
193 233
621 431
883 354
15 229
178 899
499 601
330 824
648 482
770 975
160 355
651 271
646 931
943 819
523 965
483 184
211 312
64 307
553 317
852 68
843 443
393 744
488 404
782 510
302 358
639 337
375 937
527 769
420 377
384 963
290 289
470 691
752 310
286 807
41 186
501 849
566 193
738 371
545 928
707 421
226 747
257 170
623 630
781 168
630 983
170 844
525 372
104 351
621 146
122 25
34 323
389 135
783 140
75 151
704 239
404 463
577 337
616 194
941 408
287 260
184 212
979 918
118 439
138 429
609 862
222 832
260 499
851 380
17 993
846 224
817 330
729 275
984 180
749 958
156 814
393 438
579 477
610 297
806 659
694 490
286 181
656 254
615 501
383 43
179 584
259 565
68 646
139 782
17 807
77 100
892 489
445 288
983 541
567 169
696 523
480 986
225 781
631 854
401 604
268 117
221 891
388 822
707 220
591 88
409 955
866 392
466 503
301 836
379 751
431 16
288 229
45 829
312 594
935 916
878 895
992 903
123 592
590 326
788 545
321 377
444 75
405 740
889 770
930 355
530 706
544 879
333 7
645 894
950 670
827 408
235 987
820 714
123 385
661 952
787 762
175 600
584 328
98 970
202 654
963 911
11 989
470 773
145 759
951 742
179 259
389 182
210 571
928 422
74 893
493 887
893 998
891 822
625 300
419 471
940 49
596 410
771 414
499 720
720 122
945 311
581 558
848 371
52 908
918 901
59 977
774 608
271 117
435 245
353 871
889 581
143 284
561 672
309 157
935 523
33 83
704 660
994 486
492 614
599 821
164 902
868 843
938 481
422 286
634 608
426 804
856 48
886 837
571 200
440 464
953 969
217 930
190 988
408 580
285 858
263 504
514 196
331 503
614 852
974 799
954 249
970 28
483 853
518 803
311 240
206 240
781 637
709 462
526 771
409 984
611 430
248 944
38 987
600 981
460 631
267 430
558 197
957 651
537 500
580 202
813 347
539 510
757 206
360 1
172 613
319 522
168 967
176 836
871 881
964 723
108 454
268 46
871 881
274 275
401 670
527 941
358 895
951 805
306 563
970 266
428 928
62 755
590 38
328 984
972 948
845 318
722 275
738 52
289 329
489 445
394 507
975 801
49 311
851 47
33 729
261 696
249 765
736 478
795 66
390 705
588 934
833 747
566 892
157 184
818 281
241 717
537 415
214 819
627 856
710 901
206 372
977 529
816 447
114 19
991 80
18 270
765 618
372 626
434 360
956 271
534 888
709 35
817 208
715 529
174 152
423 953
414 530
442 336
698 512
780 76
33 572
114 452
368 642
565 724
609 165
746 707
642 730
720 446
350 135
272 734
786 364
263 988
494 424
312 398
942 473
857 104
238 586
887 238
44 28
612 528
821 618
703 920
601 823
268 456
260 153
875 475
50 721
792 534
123 118
63 79
914 192
983 584
194 340
506 228
984 366
494 600
198 315
906 229
333 77
102 113
474 556
376 264
204 205
257 548
961 328
10 339
961 240
751 961
79 365
913 345
97 133
965 477
525 296
356 628
248 354
189 895
157 926
192 805
406 643
534 759
196 63
404 534
575 762
359 480
396 371
891 56
783 996
109 946
512 992
887 583
454 86
609 15
143 986
166 109
919 668
234 933
961 476
210 652
353 953
664 736
979 301
794 960
490 632
295 391
647 416
116 981
579 599
870 666
471 261
728 282
178 807
355 843
693 223
558 856
891 302
725 675
958 942
570 838
345 483
100 995
627 871
392 759
381 737
550 999
1 747
802 635
788 502
870 134
454 362
316 883
646 948
659 50
565 460
360 702
459 634
563 225
352 695
644 165
822 830
813 367
127 351
172 549
522 827
551 613
775 504
551 710
471 933
954 398
459 909
967 774
901 702
274 803
473 681
212 585
138 284
438 212
749 371
351 502
48 860
564 998
125 198
228 138
75 799
898 731
857 70
591 443
847 700
96 929
404 593
93 740
573 44
216 757
841 544
453 965
64 508
433 381
339 252
36 508
876 445
326 645
928 960
471 165
820 293
834 249
371 20
347 132
397 881
436 947
221 538
631 248
335 834
119 794
935 566
874 503
518 97
693 473
321 867
159 128
839 512
79 493
256 406
484 269
665 288
53 76
385 582
126 677
786 660
103 263
878 982
285 866
803 933
532 563
259 532
476 447
144 768
84 419
807 429
585 650
120 262
606 877
865 411
516 135
984 309
921 137
928 925
7 42
664 135
628 12
409 861
28 779
186 901
312 287
149 321
844 255
887 977
966 850
189 101
96 39
307 274
898 519
73 900
149 296
69 545
171 462
558 58
772 137
253 374
169 511
828 945
818 444
973 834
281 720
140 179
644 654
578 450
923 711
428 104
57 771
488 333
553 402
346 444
343 186
109 876
49 641
536 815
62 368
467 307
588 113
236 364
526 766
257 241
727 467
19 463
911 826
160 481
574 90
192 435
976 423
371 271
683 992
869 53
988 777
875 759
98 798
245 257
455 144
973 552
912 386
329 151
927 640
544 55
1000 403
658 176
172 435
946 356
178 11
329 387
490 825
582 840
359 630
45 110
678 293
873 4
415 995
442 31
176 816
660 959
342 529
992 423
675 896
193 789
579 48
81 675
120 903
684 443
797 621
845 632
331 480
318 801
626 352
43 661
770 169
216 470
388 780
507 27
222 195
469 682
622 981
651 257
850 668
258 299
369 411
474 929
341 673
834 124
320 941
173 74
848 600
863 956
555 400
836 569
348 765
696 246
757 325
781 810
250 431
102 470
805 32
386 285
317 840
229 124
892 721
378 653
218 159
549 828
179 506
241 500
132 968
904 51
547 797
344 624
323 272
988 266
176 76
487 37
199 707
512 37
914 423
570 141
761 585
312 134
863 604
92 31
847 538
638 697
467 157
799 81
176 516
396 676
860 888
475 385
273 970
166 7
32 918
163 991
260 377
285 124
194 623
931 833
50 494
464 119
2 484
630 557
15 952
585 305
742 968
561 703
618 752
286 821
384 643
71 660
748 926
386 671
759 174
286 472
732 487
356 843
563 160
109 550
879 850
137 268
825 371
980 102
237 441
778 375
469 843
49 47
61 229
408 719
905 404
760 728
998 2
470 837
742 699
895 771
742 646
711 171
669 608
729 77
51 739
825 848
89 564
247 2
800 296
275 309
721 414
599 582
493 799
27 43
220 269
329 656
430 494
372 101
873 624
8 479
328 675
598 395
905 134
101 44
14 56
186 199
281 468
929 887
774 379
521 871
854 560
165 685
826 74
430 94
903 964
134 839
471 789
607 503
715 919
40 124
516 286
935 976
249 141
88 616
359 995
821 227
173 858
265 781
658 260
93 319
543 252
349 804
401 811
621 405
322 769
847 609
960 769
893 347
195 541
708 104
647 806
391 929
838 959
237 582
261 585
258 56
335 898
470 281
466 641
410 513
879 546
144 909
538 129
307 663
853 273
705 123
968 681
46 847
76 592
432 397
874 824
421 910
117 585
146 879
424 506
246 297
887 784
412 436
343 354
173 134
812 568
741 352
215 78
663 400
373 527
541 121
390 370
890 717
664 540
306 595
520 138
378 455
900 690
310 535
259 68
881 612
72 829
137 343
362 477
271 670
756 218
6 375
991 229
564 203
679 238
497 457
523 172
76 133
820 372
591 465
394 981
259 760
288 135
920 316
821 854
733 76
939 175
649 356
695 420
899 589
675 826
138 787
215 654
580 508
347 51
572 150
704 707
464 11
507 357
246 501
228 566
568 909
135 346
916 843
440 708
586 198
145 149
785 215
351 366
218 390
850 17
831 820
147 36
563 711
594 756
216 905
711 466
700 570
999 726
168 672
726 439
428 711
285 904
30 428
823 183
710 664
707 441
430 893
702 234
100 137
424 604
733 514
799 698
502 576
918 267
285 318
890 616
926 406
819 659
292 84
383 487
397 695
362 625
788 1000
245 258
855 470
340 525
74 231
835 144
761 796
668 299
197 641
968 360
98 633
239 348
9 922
982 543
88 79
395 5
130 237
538 594
107 998
732 700
655 178
547 957
675 33
359 424
944 219
565 475
656 292
379 509
797 569
532 274
950 635
744 145
800 108
582 739
235 218
618 971
16 639
317 754
838 588
359 117
315 120
698 832
23 778
385 838
530 964
717 793
318 185
813 506
129 478
432 651
192 478
176 58
281 72
822 217
845 163
512 500
646 663
860 161
288 803
491 179
726 696
616 128
401 371
660 327
257 941
30 916
957 547
622 47
175 623
1 255
391 198
781 793
566 660
412 567
991 635
676 399
223 258
965 541
37 269
969 950
30 711
312 94
29 830
61 359
705 86
493 721
283 769
908 669
4 663
687 153
772 629
477 520
717 644
138 511
227 893
70 71
648 200
255 661
491 211
588 578
723 373
391 654
209 321
290 387
501 684
361 583
414 136
135 127
678 985
859 100
684 857
565 755
279 241
795 170
462 886
988 643
418 568
392 716
647 903
592 441
824 819
744 708
950 477
535 444
875 271
581 854
5 975
946 504
357 780
570 939
122 810
720 939
975 636
322 723
807 53
320 205
406 984
589 402
234 159
356 541
772 298
938 280
762 708
267 158
508 781
221 812
97 472
535 699
262 751
657 864
43 983
553 928
400 616
645 370
166 153
525 866
370 696
204 476
344 993
501 451
320 595
523 968
845 655
148 511
775 77
417 791
238 179
109 55
273 595
726 975
317 30
718 877
560 189
144 342
938 690
69 970
582 52
551 643
386 677
369 518
610 618
229 724
522 547
875 931
181 293
904 932
95 198
5 692
358 623
289 537
273 881
736 491
717 208
502 774
530 540
862 383
378 361
642 700
420 528
966 744
280 539
154 564
794 177
572 865
451 351
951 626
433 291
558 200
852 420
134 985
324 300
376 284
981 500
479 817
22 283
302 664
917 327
841 715
303 554
380 171
473 890
227 903
732 771
243 221
521 716
147 542
538 679
261 93
841 433
512 877
61 75
331 384
512 21
988 11
492 147
287 472
657 123
390 924
975 430
403 348
145 922
232 873
842 752
306 684
535 580
935 877
286 620
240 76
15 938
499 70
486 361
24 108
472 629
415 669
653 98
958 95
517 808
955 936
442 839
803 37
80 810
898 990
158 230
142 890
76 731
868 310
703 797
366 83
431 179
34 526
841 494
682 232
829 76
127 926
991 300
73 649
652 525
837 122
966 430
986 935
605 974
877 736
60 603
940 445
832 694
962 799
575 199
700 218
920 656
225 203
869 883
258 821
796 970
190 704
679 138
607 800
454 804
230 171
856 311
796 996
181 855
492 840
936 41
311 288
215 757
56 450
953 859
415 797
923 573
816 508
82 648
633 133
214 786
525 590
795 39
747 319
817 197
591 946
744 472
470 898
642 130
101 969
465 894
393 687
663 484
525 338
615 847
935 460
287 939
824 256
810 775
161 177
277 445
652 645
369 759
653 646
253 524
233 392
214 672
845 833
846 531
913 401
190 910
864 666
146 393
521 107
750 765
706 330
781 220
504 67
946 572
733 730
395 38
76 863
796 598
546 728
735 366
545 426
83 209
480 180
862 20
99 997
683 562
362 674
479 606
6 664
231 685
305 207
772 21
651 52
306 560
324 12
52 821
509 33
165 344
44 672
606 114
87 34
134 580
98 457
675 645
846 997
33 837
340 449
720 853
128 692
535 784
318 396
391 200
69 341
334 314
392 536
300 398
359 466
27 440
181 792
218 208
682 543
415 191
205 138
89 673
470 393
61 429
573 353
854 516
165 309
496 190
28 90
223 35
951 164
388 880
205 227
481 235
415 634
304 604
674 29
433 624
558 772
229 744
37 411
411 514
813 867
23 292
8 763
493 354
852 326
371 775
954 778
619 815
443 217
969 386
403 106
755 741
547 752
781 73
465 853
105 653
688 96
626 263
286 944
869 410
959 785
824 35
578 898
507 745
251 605
232 769
384 438
814 758
877 311
754 979
727 286
910 267
754 695
159 659
688 946
608 533
273 554
303 951
485 237
59 921
158 94
716 332
313 174
154 305
733 175
665 842
781 531
393 442
807 635
240 473
178 219
711 987
209 752
927 795
275 453
647 9
609 676
725 376
432 534
293 220
770 22
707 760
593 127
443 558
721 956
701 715
896 577
868 697
799 488
697 446
275 918
55 168
771 931
299 688
418 790
300 308
920 415
5 922
803 56
239 240
323 117
680 511
374 865
747 532
9 579
737 973
145 23
621 247
402 867
770 856
312 102
963 450
428 749
405 650
906 171
670 583
93 815
803 837
400 403
724 596
74 762
847 628
282 948
620 477
207 318
717 12
812 688
741 34
426 225
279 57
886 331
544 79
227 902
766 733
491 31
105 314
424 633
738 913
529 490
883 801
848 521
202 80
610 876
780 766
238 995
597 37
857 188
418 292
786 972
437 535
95 77
958 483
843 34
448 678
150 112
260 131
362 59
724 652
55 262
526 428
174 830
821 269
598 443
890 796
585 693
811 431
793 321
381 664
996 994
603 291
880 32
306 275
818 773
329 649
1 542
124 326
848 363
587 416
590 320
931 272
609 479
621 86
424 941
982 568
738 476
91 777
669 691
802 379
410 615
560 674
138 514
842 512
562 847
749 614
189 415
709 850
355 321
263 303
516 93
712 278
898 191
667 963
859 21
100 372
199 844
202 1000
316 883
820 731
503 517
661 743
410 331
227 376
15 177
427 814
936 464
233 847
949 716
898 623
551 767
153 352
585 425
86 505
862 829
783 179
70 397
258 807
882 501
12 787
370 697
322 378
920 667
332 878
525 626
447 455
12 283
732 156
786 4
215 816
670 931
795 912
568 312
604 680
663 580
471 195
497 955
142 516
445 840
454 494
134 843
949 305
51 894
933 972
55 641
276 383
329 373
780 206
130 969
104 735
529 13
615 233
176 488
774 146
646 289
862 293
175 686
770 105
33 466
773 396
569 211
1 930
322 283
90 547
251 526
372 474
402 664
682 719
296 570
850 565
95 219
693 668
467 556
488 860
300 176
646 287
43 980
511 898
606 159
779 981
701 264
849 422
952 938
458 115
720 115
122 458
467 634
584 226
150 227
767 47
943 770
569 489
202 688
77 622
359 896
830 147
786 839
937 724
281 363
919 471
648 674
865 870
922 327
160 577
528 568
15 330
507 340
303 597
854 205
450 422
545 324
8 907
849 420
403 934
443 131
788 803
180 492
363 173
814 676
849 959
229 516
475 405
855 731
87 2
927 685
754 303
311 905
468 738
557 880
203 726
38 147
157 28
223 384
919 52
1000 780
41 844
449 695
355 970
885 886
47 357
837 550
686 323
180 265
557 257
570 660
775 758
723 502
35 600
274 841
80 70
963 533
339 284
631 796
346 652
622 759
705 585
103 762
39 218
873 917
233 353
607 816
88 155
638 336
541 12
311 657
997 88
485 799
536 273
598 380
365 304
795 501
563 375
73 288
853 171
411 485
372 405
129 645
109 474
968 234
496 665
465 8
689 105
66 24
380 801
862 903
347 273
551 360
52 228
256 145
399 460
760 8
784 721
390 669
943 242
623 21
648 87
947 465
495 387
879 170
320 701
809 354
181 337
55 674
750 83
619 949
57 757
878 617
744 868
366 26
501 873
397 915
830 593
115 807
932 912
386 793
422 836
479 362
795 72
903 73
59 454
961 895
433 884
85 266
746 40
836 117
929 429
782 637
602 163
478 30
862 423
849 472
723 647
809 95
55 939
372 415
727 193
955 706
590 65
708 421
538 909
70 779
683 578
909 583
700 562
600 394
349 630
612 16
178 774
301 525
111 82
866 609
363 739
870 525
214 109
990 456
630 898
862 797
962 994
686 28
65 45
593 389
896 691
461 729
15 613
806 440
478 535
625 926
128 923
811 156
490 920
409 736
313 973
604 699
20 33
756 742
257 460
910 834
418 67
34 935
505 170
805 744
105 990
896 791
418 387
1 246
11 111
6 680
262 922
981 466
701 26
968 857
328 773
863 963
293 64
47 481
99 757
821 554
557 477
621 762
552 197
823 793
913 305
949 833
107 388
938 866
237 471
3 98
161 492
362 929
341 619
526 158
601 396
455 516
205 43
932 40
896 365
543 522
56 727
772 69
171 633
587 43
999 390
974 606
831 9
164 927
355 684
306 311
497 425
566 911
66 197
27 437
945 970
467 927
919 970
792 626
175 159
124 16
13 333
872 689
737 523
420 876
706 243
796 329
429 300
124 900
24 65
501 112
610 895
880 628
247 797
383 817
304 1
910 199
413 892
197 142
142 519
834 563
991 333
24 921
632 781
574 169
848 495
520 245
642 788
482 216
270 759
38 641
987 242
515 946
949 79
597 62
768 254
526 329
526 133
508 167
556 699
102 436
77 944
421 877
539 934
39 883
400 906
583 359
803 310
859 421
120 836
476 878
274 566
932 931
505 877
151 797
265 560
774 351
913 387
873 719
532 634
213 443
180 24
182 127
537 27
975 988
798 941
522 483
674 835
261 110
743 790
275 674
395 898
79 21
862 827
845 876
926 110
628 767
413 729
876 936
787 442
154 506
588 960
65 115
977 882
218 408
990 928
391 780
438 565
323 55
398 544
640 606
220 66
528 462
57 700
217 526
621 917
501 689
273 680
31 303
926 114
128 363
305 365
619 752
470 345
320 910
662 352
353 858
454 229
483 885
8 249
35 22
111 316
883 369
817 511
410 668
403 501
702 283
11 462
286 239
78 706
607 741
960 509
252 498
21 493
227 68
370 254
771 709
849 27
502 82
976 552
405 530
973 929
470 753
101 475
561 887
119 378
547 418
694 398
290 173
543 488
595 290
177 775
172 273
958 946
838 551
884 415
190 50
891 369
985 658
834 978
601 716
316 799
483 552
831 774
506 179
264 211
566 551
16 469
261 999
552 939
82 104
217 388
883 371
77 607
545 613
267 859
844 241
665 580
447 279
425 446
569 712
684 422
929 957
948 327
226 866
606 664
5 622
961 902
243 991
775 729
316 719
403 878
19 122
162 651
250 206
181 654
310 689
696 251
794 306
884 922
133 737
811 43
672 117
816 140
780 231
83 256
359 344
335 330
711 941
95 441
932 772
844 859
733 551
230 387
167 25
816 875
148 796
240 106
798 53
889 645
244 939
211 11
223 322
868 152
899 738
290 769
319 737
292 133
84 822
182 921
63 407
155 99
265 404
417 627
497 371
193 513
489 604
438 516
635 772
396 146
123 782
489 801
935 949
373 49
573 765
557 583
179 961
402 59
430 869
672 375
703 379
609 472
646 731
526 974
206 752
139 640
287 145
614 347
468 44
756 521
661 445
379 267
153 647
139 217
904 374
671 64
978 117
995 680
852 175
254 998
503 210
903 116
108 895
926 833
194 92
703 265
621 145
247 280
756 729
961 709
965 230
127 856
830 936
67 461
89 601
24 537
29 717
389 59
282 508
173 929
157 875
666 249
659 328
471 113
800 521
840 752
947 705
966 567
276 342
919 989
188 563
829 997
578 84
571 8
114 210
88 211
765 317
1 617
546 53
113 357
595 950
700 528
559 689
652 798
759 690
803 936
283 473
297 993
638 75
266 180
946 398
250 205
655 191
871 490
48 777
485 127
583 544
211 182
173 175
983 252
687 889
458 712
12 988
193 347
925 174
680 779
499 64
946 56
163 98
56 703
722 519
146 449
864 652
576 441
338 958
907 53
493 139
404 154
441 170
951 147
227 626
688 490
229 931
209 158
755 294
375 896
774 776
690 636
954 985
517 681
628 760
802 465
42 572
417 382
904 202
599 437
500 743
810 594
616 536
874 715
412 153
357 300
887 341
794 940
24 460
937 56
3 22
556 59
329 850
211 163
626 315
379 777
975 465
228 650
562 27
275 657
412 369
389 407
564 332
52 896
418 299
544 37
878 549
985 165
882 220
118 27
356 567
876 681
71 62
519 937
175 952
175 477
928 434
926 885
709 505
703 903
64 308
614 715
203 214
905 910
461 540
384 108
693 122
748 537
839 493
150 282
428 330
9 812
601 912
982 698
633 910
855 943
343 922
151 586
1 311
940 697
948 136
569 473
446 282
389 163
223 661
389 278
967 814
488 586
160 799
302 798
785 49
444 822
152 912
525 974
358 941
353 954
100 190
944 242
942 541
613 89
519 781
706 443
232 10
696 158
410 103
877 829
577 11
538 266
627 331
739 822
73 940
830 295
785 655
437 263
100 359
729 787
606 857
628 70
960 199
988 46
928 674
41 559
430 209
263 216
761 220
697 217
524 330
117 174
114 919
976 587
256 560
966 673
859 659
439 700
439 957
57 166
155 785
684 261
529 256
394 669
743 393
131 558
86 145
362 49
248 326
25 39
658 444
556 285
958 931
70 665
730 725
460 429
463 384
524 372
269 806
929 727
590 924
871 116
185 522
453 483
381 246
591 107
958 419
141 61
749 869
493 551
532 267
323 105
287 161
228 967
349 816
588 937
883 267
286 715
465 28
86 237
116 58
323 284
902 769
451 73
367 828
870 933
159 982
718 355
528 100
156 497
148 755
651 131
759 826
750 985
996 482
494 573
808 731
388 367
241 264
310 340
39 840
466 303
398 827
580 796
139 924
414 171
418 194
618 326
944 227
260 429
508 740
727 66
934 734
77 962
785 57
761 555
665 399
346 2
124 144
359 908
484 160
361 865
534 772
912 82
232 147
537 82
400 789
866 902
923 111
443 152
664 215
798 67
679 430
371 761
303 74
724 955
114 968
619 177
542 175
46 35
748 434
136 734
854 274
26 71
425 183
525 278
507 204
578 356
920 613
71 95
655 108
991 325
874 555
2 79
567 929
115 215
811 548
427 542
716 433
211 644
998 744
975 337
959 952
429 607
335 547
786 519
262 866
211 35
846 615
864 890
8 720
928 821
338 391
575 63
459 586
219 412
667 959
926 249
392 241
415 318
905 339
457 464
755 752
229 632
300 427
918 881
322 49
199 827
862 945
83 430
158 139
918 117
16 163
208 968
382 339
735 507
669 776
75 381
567 120
773 831
748 120
942 254
190 762
513 948
737 221
955 584
91 115
179 415
998 834
474 497
88 169
643 589
960 699
98 461
175 915
514 627
608 952
371 183
397 130
467 619
775 48
93 492
383 462
657 590
240 652
98 860
729 312
147 416
954 92
319 36
407 568
913 367
733 270
55 515
450 168
208 439
750 205
704 676
616 798
939 424
733 741
441 844
376 575
159 126
697 763
386 11
447 677
772 946
481 431
703 731
212 43
801 632
941 854
841 206
177 306
37 165
512 240
577 543
884 52
274 823
90 312
915 349
962 222
889 929
881 907
178 976
705 789
662 381
436 415
980 94
377 62
640 889
876 771
757 420
211 718
296 712
135 343
630 309
172 807
646 714
453 550
422 231
782 319
805 708
914 550
768 989
270 623
75 46
648 702
537 617
970 468
555 206
495 809
965 416
827 352
273 463
185 958
65 907
681 316
79 405
990 461
129 922
223 399
841 900
948 332
549 955
247 622
429 438
336 4
179 966
569 469
448 94
106 103
282 281
470 40
114 907
591 647
209 2
912 274
808 439
448 8
490 679
218 8
168 945
372 358
864 100
532 532
324 280
773 704
202 87
269 666
751 849
316 591
5 277
412 254
618 846
643 884
506 140
604 170
318 912
234 57
257 566
654 959
637 59
326 229
807 272
73 622
210 239
663 808
833 939
49 369
874 222
76 527
628 812
461 795
138 519
698 469
144 600
348 337
378 443
952 158
200 147
74 164
466 365
182 622
179 908
742 853
930 640
603 248
671 94
726 284
175 119
296 329
545 341
986 817
282 227
253 686
865 585
865 38
982 178
148 711
491 591
475 874
442 205
271 462
769 854
637 625
330 299
368 143
861 493
806 558
553 247
62 343
994 51
695 198
329 592
211 896
762 515
886 449
515 511
945 447
263 57
262 766
925 765
553 818
829 732
967 739
828 352
121 177
345 611
653 409
123 169
635 323
535 136
400 429
145 105
476 16
462 472
110 317
153 961
951 495
767 370
325 809
43 758
126 554
941 403
556 174
578 492
849 84
4 459
230 486
855 819
83 841
12 452
717 373
701 30
661 245
642 812
426 130
204 254
350 725
635 673
80 286
971 867
34 967
205 414
346 799
970 745
182 165
672 60
121 153
684 529
931 362
969 577
739 645
522 926
324 529
648 200
354 300
847 752
17 628
664 661
170 541
526 769
825 485
985 170
119 397
814 696
384 245
293 529
523 853
612 181
414 561
292 49
192 491
758 933
918 163
57 268
971 565
32 312
792 578
738 874
820 198
137 111
448 102
717 157
561 15
895 209
566 667
927 816
474 590
618 550
557 747
692 760
369 730
234 422
313 27
238 680
172 765
17 544
490 629
737 240
802 72
178 772
399 141
383 334
641 345
368 566
952 147
313 617
446 961
238 57
746 536
108 812
414 272
884 332
375 813
869 639
689 308
339 918
444 123
280 943
71 114
181 201
276 163
939 446
624 745
166 781
806 231
427 908
598 407
251 412
73 737
685 407
430 417
521 241
239 121
649 249
452 459
496 149
927 829
360 534
369 669
741 375
242 64
370 533
568 682
744 510
207 279
123 575
683 134
886 276
67 229
575 832
481 923
728 99
151 307
351 726
598 370
84 15
726 924
594 689
141 878
516 843
932 547
797 895
694 550
668 134
568 574
290 382
803 439
980 824
649 750
549 34
63 47
165 886
545 10
436 650
89 736
80 535
375 989
889 879
85 991
657 160
217 680
168 486
109 279
164 79
855 373
24 255
534 79
891 98
479 322
403 594
454 63
217 770
571 67
92 558
803 974
746 352
588 924
743 769
43 247
34 196
890 29
845 238
642 422
168 207
598 897
906 355
45 143
768 753
556 365
304 356
230 127
769 287
433 595
108 686
238 635
730 399
730 206
857 492
683 309
447 959
40 977
186 309
977 150
673 644
664 662
673 659
451 450
434 335
407 799
764 542
860 107
937 677
326 55
42 229
837 936
404 208
645 495
26 81
811 84
221 363
325 52
171 979
977 676
251 857
545 699
356 965
435 495
891 355
692 1
73 885
488 858
416 938
751 928
926 233
614 669
893 74
347 438
412 88
446 217
577 854
764 58
313 289
758 470
309 940
157 927
809 499
18 532
517 578
91 5
237 729
921 839
432 887
9 188
683 732
826 910
725 698
300 723
159 670
942 147
370 151
860 246
908 521
501 801
786 235
274 341
559 105
522 921
472 374
564 890
322 339
371 828
120 53
407 406
131 336
169 683
672 923
310 8
407 520
102 162
7 725
731 576
395 420
275 630
245 177
857 173
331 34
203 791
967 57
27 284
361 985
40 778
905 845
707 801
616 820
679 919
752 226
10 289
605 569
925 47
512 925
357 755
581 418
105 601
369 961
635 299
234 291
829 476
352 737
321 105
629 329
803 723
611 330
323 946
135 865
110 910
629 342
364 693
134 136
560 702
994 869
565 764
472 401
432 50
45 891
467 109
956 693
583 354
240 778
225 808
494 583
622 609
67 275
913 372
300 172
768 854
312 15
403 878
957 648
552 404
758 712
586 640
797 117
592 173
766 439
480 754
425 998
276 232
918 602
421 593
206 567
489 708
767 109
83 450
441 901
516 502
637 216
169 137
568 585
963 213
507 288
56 477
444 482
479 48
460 974
885 967
715 373
356 541
568 656
806 365
572 983
734 842
690 359
32 491
833 433
779 704
715 388
615 559
17 264
205 385
934 188
338 340
166 531
37 917
840 974
989 398
682 271
980 429
430 621
49 547
496 241
571 33
80 619
960 485
379 160
447 360
360 950
582 859
53 516
567 809
686 802
523 789
994 25
294 694
716 403
536 694
930 390
681 609
455 811
20 60
640 178
507 237
375 722
14 830
799 96
466 839
683 968
235 691
631 807
629 251
493 672
984 116
198 70
38 421
636 468
590 661
936 28
861 33
794 321
208 721
510 776
747 92
529 701
865 530
826 77
923 576
496 768
611 520
871 500
966 677
378 813
170 828
606 775
976 933
96 497
112 242
501 260
60 729
59 89
888 245
401 251
209 376
279 336
835 826
454 562
328 982
323 697
528 517
320 741
987 998
310 764
207 968
154 146
131 403
841 297
911 409
162 889
419 116
976 191
725 199
483 888
291 339
589 305
152 665
704 342
637 276
855 373
145 530
368 634
761 967
467 969
545 689
19 687
764 854
127 433
730 277
856 99
838 652
977 459
59 687
204 599
985 127
218 159
689 463
568 90
845 9
429 939
163 334
216 429
752 892
182 234
518 853
255 688
44 308
661 570
65 386
587 197
406 283
541 955
203 481
127 432
419 781
749 498
203 945
586 947
237 118
236 935
567 708
782 520
219 776
450 358
417 772
24 629
362 86
318 859
427 561
31 326
615 153
371 855
779 833
565 28
83 138
86 910
593 914
144 910
186 550
864 340
532 322
766 182
415 698
242 547
982 493
771 91
780 739
441 13
305 939
765 998
198 711
247 645
859 274
80 790
281 59
253 430
68 389
804 513
673 893
321 450
135 983
773 126
311 66
316 500
325 522
91 840
134 265
852 668
66 5
434 140
869 495
930 38
679 512
4 514
271 925
454 703
775 663
418 661
617 36
135 752
729 436
708 397
827 209
964 245
130 386
563 983
703 923
411 319
680 860
250 676
931 518
97 797
709 910
618 126
688 151
753 286
726 51
496 800
436 192
252 370
281 885
256 620
677 365
739 515
832 773
85 177
920 394
125 831
608 661
24 743
163 637
470 77
894 444
203 106
755 419
400 211
458 74
162 693
391 765
420 267
346 14
762 2
581 706
719 208
920 48
699 875
728 690
249 881
147 690
36 618
703 84
249 951
734 819
853 746
328 300
800 380
30 591
632 578
434 469
375 709
703 423
681 84
218 889
340 955
388 586
405 263
743 171
711 43
223 557
710 871
825 68
649 472
160 631
943 332
568 320
193 743
668 641
102 140
84 906
951 738
400 935
871 328
205 579
645 751
658 645
578 74
181 969
166 99
888 228
973 792
469 985
113 867
189 32
353 84
369 588
449 344
226 303
508 292
252 294
909 332
216 917
650 997
74 551
195 457
432 903
513 973
573 812
782 77
928 526
154 295
376 726
760 623
599 643
671 28
751 806
429 81
121 103
850 255
33 249
355 73
871 145
103 192
268 801
348 788
529 951
771 968
275 35
317 583
307 153
375 245
244 958
855 388
103 703
328 387
244 617
120 14
358 448
325 816
238 537
722 340
721 198
745 722
760 622
718 194
530 153
672 480
244 234
122 375
145 66
576 498
583 782
442 31
850 573
208 45
544 506
56 482
559 945
463 292
550 544
669 784
549 815
371 107
370 228
905 338
688 912
988 380
410 764
458 931
281 330
5 985
104 749
653 172
486 616
510 509
53 673
544 129
468 298
430 177
794 527
106 145
911 799
166 140
204 555
106 579
113 154
307 85
898 670
508 580
188 258
742 724
882 650
799 82
943 560
990 697
625 659
796 225
319 119
409 860
981 184
223 767
687 578
623 18
473 725
426 810
318 339
444 208
603 764
431 219
160 979
63 519
447 695
944 6
65 490
282 297
223 222
734 134
145 270
860 418
618 600
761 938
184 436
933 801
295 346
338 196
85 752
585 934
272 918
601 379
162 684
695 688
656 639
710 258
983 994
474 80
666 285
714 241
774 331
544 80
272 64
828 516
808 275
322 789
847 153
409 791
767 974
421 373
157 698
646 63
484 588
122 693
579 946
627 970
759 613
649 443
376 99
309 560
722 651
219 430
807 695
906 82
949 830
246 608
176 964
340 10
997 498
536 754
368 917
620 93
190 218
252 240
660 649
607 912
236 377
451 574
66 27
354 728
761 537
755 659
703 1000
972 920
352 368
476 564
280 583
534 149
400 718
899 159
60 829
165 408
856 196
159 132
159 816
212 19
715 16
857 309
69 240
169 692
142 299
898 2
646 833
714 948
555 794
418 911
544 639
273 468
655 885
950 678
40 542
725 310
227 7
211 428
692 280
89 105
377 960
632 552
65 33
772 400
605 862
421 812
146 427
652 664
938 582
671 2
510 42
807 232
893 714
713 36
374 86
311 43
187 721
680 127
167 720
889 16
640 390
274 878
431 230
984 202
278 121
426 220
623 446
792 70
509 329
121 196
114 93
710 448
570 828
408 300
618 785
910 271
515 962
461 304
774 858
279 347
351 641
492 938
712 835
347 194
29 823
702 638
569 469
288 413
481 103
510 41
156 902
455 518
438 653
49 728
297 994
895 445
165 14
347 224
764 31
703 104
267 5
873 164
801 31
395 607
956 761
819 58
722 462
576 767
792 10
401 125
765 533
202 873
755 616
781 637
111 190
741 438
960 189
93 434
80 537
692 345
928 800
903 294
694 837
114 10
783 484
302 647
20 70
174 452
587 616
788 43
866 488
261 902
166 754
935 412
565 621
40 222
948 262
876 325
505 323
74 478
825 397
548 5
848 412
160 888
128 46
713 505
175 329
369 689
673 889
718 268
622 660
926 650
580 288
726 573
697 343
39 931
459 46
992 206
794 138
194 584
71 357
750 244
442 147
833 696
612 948
647 999
829 280
411 62
763 790
984 860
141 456
115 195
196 370
942 340
403 433
440 505
386 861
542 794
555 197
445 535
728 635
242 30
862 306
300 763
752 811
29 820
252 727
488 713
304 417
370 139
278 896
824 443
140 358
496 276
215 249
521 577
258 368
48 838
254 826
230 654
954 277
175 781
289 775
459 967
859 465
691 198
277 932
371 149
843 98
819 163
948 77
236 255
604 655
253 588
629 456
765 731
175 977
184 698
536 142
922 827
689 729
544 503
352 205
912 589
762 902
863 865
303 383
328 336
241 151
832 628
284 511
152 563
764 90
285 923
461 622
208 43
99 737
657 501
208 474
11 993
85 248
678 721
922 7
940 301
598 965
900 323
607 368
298 112
385 428
204 110
141 507
994 256
912 368
411 365
90 649
487 107
641 585
185 251
977 683
174 983
771 908
950 203
548 783
608 564
112 170
52 184
533 221
839 958
357 566
893 140
853 256
883 989
361 861
572 559
778 197
659 824
806 21
430 453
708 329
449 75
538 288
817 971
429 265
322 399
147 135
12 658
637 460
92 208
461 285
332 974
459 178
608 583
969 649
192 7
195 417
855 211
573 699
295 484
181 207
146 52
519 60
723 682
201 127
191 705
20 483
443 316
289 591
968 655
143 387
740 526
161 876
468 718
509 69
590 721
514 745
132 51
709 807
93 966
21 134
724 242
310 98
356 518
456 679
181 282
331 646
355 484
702 644
526 479
767 288
393 3
145 479
358 731
911 134
341 306
143 362
19 634
581 167
665 771
846 581
616 439
25 720
127 529
261 439
41 574
471 620
524 576
236 625
885 185
83 151
120 618
528 986
792 736
29 451
531 401
993 203
640 679
267 421
543 336
843 933
503 576
50 770
328 446
37 422
567 229
542 723
44 444
784 965
9 430
725 324
996 632
392 656
224 549
25 150
585 548
943 832
981 74
742 311
150 599
267 511
484 860
139 754
64 751
824 861
61 977
524 107
231 192
624 512
768 363
4 782
910 729
429 58
446 159
749 642
890 336
51 15
467 794
629 575
715 536
925 797
890 193
689 929
822 537
485 609
165 103
716 336
726 561
420 970
634 948
77 753
893 543
976 529
2 267
298 54
92 382
584 49
24 257
222 511
81 661
558 519
145 99
806 720
299 158
506 66
962 793
60 250
763 988
756 420
630 115
866 394
510 551
185 986
96 827
261 4
75 822
197 870
21 505
788 683
644 190
338 875
372 473
773 743
543 718
392 655
520 213
973 858
693 4
363 608
696 949
594 24
16 292
642 945
179 700
620 1
166 754
26 682
619 725
298 932
572 630
565 592
918 322
83 602
430 822
517 131
268 433
289 64
238 929
659 218
761 509
365 395
558 24
760 893
962 805
123 217
975 879
417 12
462 824
301 871
1000 32
643 977
751 663
13 445
326 78
18 264
334 276
541 453
394 898
777 211
429 502
432 724
448 158
528 117
80 360
872 329
190 80
846 954
56 466
720 952
160 340
313 999
875 199
513 245
783 596
914 699
697 182
835 710
150 803
98 461
116 321
941 173
841 122
588 198
341 618
951 339
437 225
326 626
215 432
292 772
562 465
882 760
192 824
965 843
986 870
654 565
882 423
333 560
448 100
489 245
466 318
158 972
341 65
393 803
185 92
348 229
912 476
124 919
595 639
867 550
541 427
5 976
47 584
810 158
413 504
985 628
958 245
182 139
950 693
31 28
917 675
933 619
685 555
209 859
449 457
93 184
161 406
545 111
305 409
116 274
439 600
927 80
128 888
349 815
186 220
252 399
442 554
358 968
816 908
866 108
74 840
773 757
48 810
730 771
844 571
755 912
461 999
145 617
972 942
447 294
550 7
616 660
874 213
64 471
742 302
402 514
243 375
634 549
631 949
856 698
31 997
383 213
86 88
524 591
380 45
170 227
24 596
437 881
398 374
720 717
53 80
523 972
635 418
514 617
689 157
885 340
315 366
150 764
575 610
920 718
159 80
117 959
924 860
350 560
498 189
761 895
762 246
66 120
475 274
88 705
569 494
461 318
509 186
938 370
413 969
222 536
780 227
280 983
910 462
572 710
728 254
696 423
469 292
300 987
438 105
41 991
336 862
529 9
806 407
125 616
822 258
668 619
173 176
985 450
26 782
926 662
992 767
892 851
212 502
473 217
331 658
155 504
488 829
407 607
940 798
141 614
729 276
294 157
719 976
935 329
812 902
264 811
506 315
553 56
190 483
68 660
931 445
199 900
225 146
72 368
54 596
969 649
935 528
681 285
263 221
833 426
222 781
654 899
369 828
756 206
645 331
896 810
63 113
680 13
974 429
474 221
826 560
714 702
430 724
542 226
686 37
678 640
78 769
749 255
648 978
566 668
933 975
740 672
514 954
506 735
124 143
777 611
781 46
471 815
775 508
201 261
292 880
948 989
851 784
880 721
987 903
134 716
415 52
674 434
430 659
941 462
706 622
243 594
143 202
704 237
98 643
49 823
667 552
347 751
886 550
452 701
548 581
636 669
5 669
874 152
980 763
668 181
220 930
967 46
695 523
206 810
208 869
682 821
541 670
864 52
522 299
928 856
748 776
641 988
106 684
653 95
180 111
251 455
125 212
995 872
710 278
668 344
878 253
748 740
594 961
580 686
855 106
709 798
481 560
953 832
662 561
603 899
418 941
212 555
301 821
387 875
919 883
104 613
73 459
94 379
916 217
623 7
432 824
437 467
487 414
237 320
533 813
934 721
749 523
434 470
960 211
623 259
857 932
481 593
847 755
741 379
153 660
156 746
574 37
81 319
732 403
439 545
661 795
869 238
25 48
378 296
850 370
289 732
757 443
670 46
911 668
174 291
551 673
77 670
416 606
770 501
207 897
449 635
953 417
540 366
697 934
668 91
651 403
64 409
797 164
844 136
400 760
322 397
955 100
51 846
152 823
508 256
484 877
835 673
954 842
157 443
21 956
577 996
660 807
836 609
410 989
518 103
784 586
326 585
821 916
231 248
28 959
798 615
621 302
907 929
730 19
616 91
922 248
62 947
953 25
184 77
558 615
241 592
832 291
191 345
356 500
823 858
524 311
94 400
103 899
722 176
553 685
567 496
163 801
172 909
934 64
856 601
470 214
674 695
158 966
19 823
174 146
723 613
46 294
855 398
581 512
909 333
596 22
378 994
489 314
2 289
432 151
214 478
333 293
892 883
718 159
661 462
361 192
637 566
295 505
897 540
988 166
224 541
825 297
491 868
229 201
956 766
799 760
970 473
389 978
450 787
125 891
869 257
95 61
891 650
601 468
268 288
586 443
411 671
495 683
914 942
705 581
932 631
363 450
105 107
894 212
18 226
481 254
560 773
441 267
49 402
69 848
334 592
780 24
81 795
125 580
226 931
507 508
367 148
243 19
180 644
429 50
189 624
636 979
915 507
564 86
381 525
810 56
911 720
992 6
94 377
157 826
897 139
617 829
898 950
185 223
164 348
945 390
172 299
365 256
978 547
141 58
198 81
743 50
483 119
2 809
390 314
846 881
115 404
421 208
309 343
308 33
817 963
103 412
224 776
281 14
35 619
742 51
743 301
598 863
308 800
403 481
831 802
529 593
335 101
582 585
214 849
493 152
689 567
699 648
311 758
243 707
178 248
565 503
163 674
982 688
525 215
724 590
21 343
57 772
783 273
712 397
719 352
879 479
609 861
635 24
391 505
93 756
630 890
511 38
795 186
813 732
25 78
844 846
831 359
466 966
338 277
259 106
57 7
962 985
751 1000
958 926
42 577
203 852
440 910
175 103
376 835
642 93
584 955
223 203
961 974
252 226
617 897
464 792
749 69
479 303
232 200
328 973
864 964
838 444
738 564
803 162
683 253
399 619
540 40
673 115
138 247
777 862
533 635
771 511
857 618
867 902
878 38
997 190
721 635
262 588
670 245
34 812
694 897
783 473
77 578
91 134
297 581
238 498
23 714
19 322
90 673
643 590
987 830
836 432
871 168
986 925
288 230
216 64
756 460
348 409
550 383
603 988
113 658
237 537
848 622
469 119
32 508
540 484
856 588
849 678
756 377
173 115
563 150
328 212
742 995
333 547
600 291
937 730
696 689
49 604
631 51
601 920
174 817
799 316
20 891
130 702
556 254
725 767
495 296
983 25
28 218
606 820
975 255
720 179
536 82
246 248
496 797
56 357
759 921
93 575
868 939
296 943
66 128
761 750
612 454
407 115
45 475
875 152
35 645
347 813
41 327
615 898
618 354
729 984
194 837
791 862
990 714
677 114
575 861
557 345
484 147
821 106
489 730
679 908
107 301
191 88
652 235
472 239
499 576
169 748
561 862
900 411
630 350
353 302
531 568
71 805
970 509
843 771
247 181
574 686
703 734
375 38
497 580
5 790
556 994
460 776
759 662
329 227
563 848
964 303
304 505
671 70
975 313
264 738
774 783
101 773
215 522
718 989
281 236
846 112
843 738
733 150
548 431
81 610
800 497
980 538
195 547
885 174
678 448
562 597
481 776
177 964
728 944
147 160
233 378
536 732
810 807
383 639
677 312
738 861
432 774
112 176
217 432
937 7
473 143
415 402
655 72
759 46
23 242
632 829
772 736
548 975
722 622
422 188
646 822
359 920
15 974
836 960
763 334
595 530
88 291
321 183
203 489
520 211
162 984
776 143
655 336
457 649
397 145
99 779
345 597
757 620
361 388
944 127
578 711
579 510
760 774
619 266
208 44
252 450
928 134
500 317
270 184
691 635
170 690
774 63
998 878
18 644
749 960
555 961
638 160
998 635
918 748
664 874
611 570
657 11
951 510
288 467
503 793
227 773
751 207
796 995
635 551
64 752
219 517
425 545
616 595
158 199
261 525
898 952
651 560
289 926
544 324
209 345
547 204
28 730
687 254
230 371
730 533
291 416
72 466
101 900
447 285
847 347
362 680
694 362
129 378
730 444
708 258
390 1
290 995
744 767
205 655
514 740
999 80
889 863
445 331
272 270
575 420
721 577
646 295
261 457
677 644
856 288
701 438
499 998
772 1000
262 390
190 401
640 848
110 159
882 450
726 694
742 827
665 262
291 300
922 75
189 574
863 517
19 786
339 286
726 555
835 118
644 303
420 72
68 595
443 242
775 592
312 939
428 983
308 774
121 442
797 782
879 126
293 276
67 280
344 600
379 514
507 936
348 279
463 669
582 30
177 491
715 543
916 552
572 4
407 966
534 793
340 82
744 892
378 79
130 875
783 60
725 883
322 238
138 90
755 543
368 375
964 181
469 971
67 203
55 4
113 25
629 229
429 464
352 298
969 484
22 724
72 1000
465 140
740 640
489 139
953 778
391 437
62 26
835 572
338 563
417 711
803 778
28 325
11 539
791 488
142 682
404 287
678 937
147 802
633 128
181 55
536 652
814 456
668 857
597 476
79 161
661 146
668 149
162 634
397 480
717 578
35 581
280 38
591 416
474 289
419 402
488 326
431 817
875 151
777 258
872 965
834 573
774 942
527 804
310 528
920 77
89 46
191 844
504 468
565 496
447 701
647 953
523 668
716 186
43 986
139 387
122 945
650 981
734 289
39 921
130 208
88 195
599 826
478 386
327 379
37 105
294 564
659 501
49 497
111 85
284 740
53 355
617 637
770 267
222 521
107 416
659 93
205 819
573 505
206 626
524 829
779 985
582 394
534 8
954 838
537 408
425 591
561 743
669 159
620 963
365 429
447 270
297 568
766 296
332 184
365 327
40 905
826 314
53 505
268 441
252 296
605 444
357 167
298 15
955 571
79 813
481 878
975 761
855 181
89 975
746 616
57 911
341 972
303 89
265 70
811 309
367 574
590 431
737 929
967 942
894 541
551 950
258 14
868 730
393 456
35 136
873 236
872 901
242 779
384 324
824 389
981 992
148 194
117 104
519 763
726 435
447 341
580 431
801 726
464 287
652 458
701 111
710 411
551 437
891 243
630 439
79 952
355 777
156 320
677 12
741 653
116 179
730 866
656 254
843 330
813 494
310 167
400 188
843 998
40 433
290 793
204 949
76 132
795 729
962 74
191 405
288 697
218 104
705 828
77 258
543 327
280 3
310 563
347 701
649 904
472 713
28 48
66 290
399 237
754 526
596 746
37 950
677 675
285 802
881 548
934 788
206 844
572 26
659 133
525 507
640 448
341 455
611 975
300 532
226 358
3 55
525 141
32 993
962 762
137 779
415 811
821 503
133 262
768 47
603 929
94 876
908 140
741 136
650 818
213 305
58 508
743 258
379 217
318 188
50 885
775 305
857 394
811 625
361 512
5 847
469 359
812 232
136 971
622 513
488 36
114 219
368 455
695 778
563 25
22 120
641 883
114 856
235 304
333 953
678 130
534 659
474 718
280 807
883 582
656 900
895 718
473 78
594 454
842 861
47 709
261 660
495 719
503 440
592 201
601 851
710 167
619 175
223 564
832 815
866 646
730 26
227 739
725 278
345 958
420 607
186 429
481 530
945 798
444 199
540 865
235 301
537 74
869 682
331 135
221 755
289 779
6 448
530 841
426 614
745 8
384 46
442 426
42 7
140 20
634 689
27 658
749 69
257 407
862 667
128 101
873 519
720 925
355 411
767 605
427 603
909 811
756 511
96 832
398 509
41 868
26 568
296 204
175 525
359 902
99 257
628 711
720 997
861 702
157 30
53 763
349 956
746 450
671 992
232 853
469 879
805 658
567 714
765 976
54 833
893 725
824 796
840 141
731 769
225 678
627 65
716 16
347 670
837 173
569 232
748 702
471 828
870 786
216 459
329 794
698 673
615 829
630 713
640 174
360 481
177 499
527 471
97 632
786 504
475 768
798 289
15 444
244 89
65 839
997 908
71 430
890 722
770 694
899 236
407 743
432 520
672 467
755 420
977 8
335 673
75 707
661 338
712 603
209 19
771 898
413 470
700 12
806 518
709 917
59 52
29 172
185 865
448 224
950 407
645 638
883 210
483 177
641 314
407 120
43 853
560 588
742 152
311 908
653 884
767 7
240 427
667 294
73 623
189 10
834 377
598 517
994 903
161 729
425 549
825 984
776 268
491 40
104 929
82 91
573 138
785 759
644 173
169 603
71 984
539 292
695 400
101 76
508 534
374 968
22 771
210 917
564 521
589 486
184 493
249 687
360 497
813 741
116 50
160 262
772 498
717 429
393 153
628 15
136 454
831 173
303 556
121 965
891 885
105 468
532 146
80 572
872 521
895 936
592 113
57 400
547 556
783 66
106 955
473 912
47 904
783 515
13 971
820 892
756 298
744 208
808 101
818 624
113 605
7 893
958 798
899 138
685 9
351 894
932 764
608 648
205 482
477 671
618 384
132 430
373 821
851 179
188 291
543 28
623 965
773 210
900 902
334 615
573 386
270 472
183 44
506 997
879 225
641 653
198 373
776 420
855 556
129 291
621 555
456 638
473 952
640 287
481 103
978 33
723 822
666 860
844 686
481 361
911 15
161 705
826 765
230 962
261 153
823 639
941 362
477 508
674 33
932 850
994 600
664 420
610 236
679 388
724 599
870 870
484 834
999 743
699 405
819 320
259 267
168 552
875 652
920 587
45 509
975 69
45 900
450 397
858 407
272 524
691 141
105 17
532 336
732 61
820 612
691 258
138 535
379 523
194 157
937 183
730 615
876 593
889 542
745 581
213 550
240 998
526 167
85 735
163 635
395 109
753 95
342 393
587 938
570 86
73 372
194 800
747 183
270 994
669 844
173 403
199 121
274 762
870 219
64 507
44 857
331 649
491 914
192 33
839 249
351 548
254 717
346 35
228 747
666 961
980 578
228 533
494 778
133 273
182 568
267 229
326 784
646 143
133 138
580 615
772 117
868 872
617 1
989 985
386 244
999 961
720 596
800 751
821 704
657 138
664 660
991 790
626 618
373 319
813 434
933 161
121 289
504 164
857 438
220 268
189 58
410 191
929 902
816 474
550 410
94 194
805 139
837 239
996 353
479 77
653 563
212 762
912 951
545 966
768 713
458 816
366 863
85 135
456 469
624 985
212 22
704 435
83 753
268 904
251 235
852 388
776 345
508 648
608 755
582 581
824 473
51 834
562 694
730 574
903 74
226 575
919 94
807 334
586 110
414 868
866 811
479 635
471 225
970 841
426 808
73 467
481 230
100 127
585 436
568 175
445 56
857 952
68 303
144 923
844 300
68 731
192 282
769 701
158 265
281 220
658 341
706 753
625 962
992 580
654 330
35 189
981 201
993 276
578 698
193 460
498 699
215 880
246 984
500 403
200 65
672 1
281 865
121 996
587 678
416 3
724 992
34 200
113 452
790 566
80 391
763 690
157 456
138 669
562 884
603 24
378 256
284 378
932 49
336 832
321 821
556 705
941 12
51 170
646 487
599 605
369 520
320 452
88 327
289 293
418 301
211 97
169 548
681 310
647 909
101 182
931 740
422 271
326 712
777 302
229 677
287 40
638 820
943 486
229 545
568 257
748 732
685 435
113 837
119 632
540 514
120 302
282 652
530 33
263 218
21 874
523 191
328 927
244 818
755 847
430 356
130 47
89 891
873 825
471 518
476 140
524 488
103 932
467 287
839 336
663 521
564 230
162 310
110 15
729 848
125 415
129 28
267 504
601 762
652 42
695 907
59 544
770 773
446 214
439 346
574 539
959 403
124 519
161 187
353 868
774 647
2 94
481 715
508 988
645 235
846 845
765 937
63 974
949 384
539 271
401 55
451 23
230 59
644 93
699 190
608 982
798 585
433 891
796 818
649 488
900 918
306 633
434 996
363 147
862 71
458 632
157 193
424 98
830 230
281 575
811 748
837 391
276 269
496 59
757 396
313 851
928 780
450 541
424 834
116 828
890 395
2 404
87 336
837 456
404 692
519 947
612 152
504 636
243 194
149 667
231 972
902 193
572 740
440 42
240 894
411 532
421 599
530 561
721 999
327 826
34 523
836 881
327 648
163 402
943 555
999 885
54 211
423 79
590 304
582 130
241 214
769 928
80 701
638 168
916 542
183 282
166 839
501 536
740 482
420 588
342 544
812 791
962 533
97 209
55 929
976 986
156 1000
543 151
855 370
107 243
567 770
412 397
199 844
563 465
177 460
16 885
945 771
182 776
987 21
213 386
173 603
317 96
333 496
452 652
744 150
981 496
994 936
359 46
775 703
50 208
921 61
544 213
251 213
169 573
632 627
124 844
147 945
398 480
113 402
274 227
342 439
551 125
813 320
366 663
925 215
750 809
681 16
830 918
344 725
205 434
843 588
531 937
498 480
76 773
932 353
638 141
875 64
490 409
406 185
428 406
872 312
28 989
523 21
694 72
877 932
88 220
897 622
511 792
756 480
25 437
496 342
74 437
336 594
108 774
314 966
533 136
577 846
983 328
111 265
469 58
196 171
813 371
987 368
167 836
394 36
825 517
347 694
395 704
295 735
533 828
909 369
200 258
408 868
542 336
108 127
85 301
855 803
457 376
486 212
46 966
341 693
978 417
295 830
512 694
591 218
703 324
504 202
396 263
229 417
978 28
399 149
867 281
464 194
251 859
306 199
711 185
368 561
413 62
393 153
945 686
73 572
656 402
349 3
703 115
275 941
313 466
407 669
753 53
777 227
719 538
959 357
939 734
65 444
584 315
729 666
440 940
119 197
126 417
932 505
392 653
257 567
583 563
218 123
963 968
557 277
651 841
788 699
354 894
947 221
460 866
819 18
279 908
199 177
630 89
439 580
288 768
98 386
381 577
593 985
19 274
356 162
100 180
633 370
562 241
50 165
189 697
675 350
200 162
871 376
291 236
605 687
484 454
72 900
362 650
630 703
704 561
127 429
996 690
427 190
747 828
799 937
652 362
194 717
576 35
394 689
868 685
630 876
14 903
466 163
28 644
203 510
27 254
716 461
19 103
289 933
83 143
784 270
305 309
419 253
518 749
988 846
32 842
301 898
997 103
492 426
25 491
163 35
903 823
948 541
291 84
956 437
552 101
646 864
958 449
692 261
903 200
799 564
126 399
772 499
160 681
969 269
298 241
571 426
611 118
4 942
333 737
665 361
941 934
524 667
991 303
551 592
504 872
276 221
420 282
583 656
35 864
334 487
745 505
696 832
977 473
798 984
443 715
956 354
530 285
259 42
887 631
815 646
513 9
158 934
922 287
662 306
383 606
537 360
465 448
102 617
468 664
849 247
404 873
368 569
720 340
153 495
30 751
450 137
964 541
412 39
258 232
562 46
910 115
397 535
258 726
74 436
938 647
400 810
686 426
52 958
145 456
863 686
162 508
842 819
316 396
911 462
730 698
450 379
171 931
697 312
103 371
563 407
820 166
379 468
883 264
843 152
827 240
227 165
128 356
42 246
650 309
287 146
408 391
731 928
743 159
799 402
467 515
761 132
187 304
478 781
87 790
747 197
631 202
779 438
888 435
802 643
311 632
353 643
256 801
989 993
818 785
249 413
651 802
28 733
632 986
454 574
252 110
576 805
886 153
704 400
349 304
86 937
672 516
564 350
952 793
744 465
460 820
307 404
528 918
658 973
570 333
96 103
228 981
199 441
845 116
584 162
917 938
357 215
97 634
803 317
698 495
414 746
897 360
101 859
751 952
228 17
539 528
136 863
222 909
619 918
595 502
426 979
195 961
675 45
9 773
750 732
820 429
449 773
855 32
82 90
711 145
847 416
5 4
133 928
689 399
694 274
958 265
980 220
33 204
835 274
639 797
363 798
407 567
367 631
406 797
331 173
104 249
835 455
104 980
815 833
718 45
795 658
423 723
77 681
759 975
847 800
873 856
191 470
628 431
478 630
513 405
215 734
573 753
846 724
396 875
192 708
820 151
649 260
151 574
563 621
529 386
792 746
621 295
513 219
268 43
916 741
740 18
391 33
485 943
62 454
135 607
294 673
714 241
62 313
951 653
772 551
962 969
624 761
881 521
340 426
17 231
698 936
94 471
260 785
315 478
752 609
26 347
400 176
311 948
261 217
370 827
740 876
793 163
922 469
319 623
340 903
615 961
654 514
879 385
785 298
458 643
691 991
446 591
39 26
925 497
66 884
302 553
197 534
383 785
214 964
350 609
131 843
776 619
182 810
696 397
686 884
257 319
173 745
937 619
374 796
109 536
991 596
948 626
318 138
425 985
558 35
578 881
422 275
44 284
909 286
966 916
320 262
151 438
149 681
158 18
223 563
547 812
204 549
752 730
669 598
712 61
460 837
345 2
484 939
801 764
41 714
818 692
871 119
86 874
204 182
497 71
985 522
476 158
326 587
1000 825
421 468
584 539
84 112
162 94
812 231
369 639
639 284
200 42
903 7
926 347
401 321
477 986
418 854
254 901
835 886
446 785
771 350
37 83
317 717
242 818
330 219
875 179
821 533
317 231
755 248
671 595
17 823
824 621
971 931
528 857
870 945
445 780
809 839
955 733
57 643
994 353
962 352
293 767
433 466
394 671
137 850
489 604
781 8
737 950
111 138
399 723
831 694
508 66
933 637
272 734
440 31
755 908
670 53
167 133
385 747
485 538
406 210
972 590
777 997
721 405
739 848
436 443
555 907
298 518
138 421
23 325
577 227
973 40
141 384
703 315
120 813
261 488
33 428
53 627
587 575
540 738
19 852
362 335
120 437
519 582
732 743
114 82
477 231
229 789
42 81
259 403
186 471
252 52
551 334
22 880
574 202
383 84
885 505
166 681
992 913
10 812
716 370
306 756
903 552
61 918
647 629
942 22
140 179
522 991
171 536
861 850
129 562
280 15
706 203
259 603
616 173
605 979
232 176
336 426
56 824
10 708
74 862
478 547
364 205
520 311
805 153
159 102
368 847
376 866
952 203
69 483
470 798
714 940
202 362
221 602
219 257
330 333
714 50
844 277
235 702
415 543
286 676
426 411
167 930
411 772
88 595
191 701
201 128
906 409
530 403
146 224
685 333
151 415
770 516
947 459
977 825
186 961
2 797
299 208
65 254
92 316
6 385
824 183
86 981
702 843
134 439
61 960
263 307
511 309
699 248
97 139
823 191
872 28
405 377
311 175
670 475
921 525
620 94
167 379
676 324
4 654
887 728
890 844
14 291
431 989
630 301
950 818
763 596
873 62
790 370
240 204
315 269
75 947
323 285
266 110
10 20
423 943
827 771
481 289
577 540
685 128
711 863
298 993
829 327
536 123
740 103
237 269
600 897
159 199
217 756
951 574
884 654
178 977
466 318
152 217
786 518
534 753
172 169
79 924
118 286
664 86
699 438
147 517
60 892
119 270
209 362
52 130
126 383
313 163
945 810
313 581
95 414
805 445
416 760
452 690
179 975
887 363
664 485
200 594
645 250
32 280
290 663
220 93
976 881
343 984
736 620
746 11
595 571
86 142
619 28
551 527
106 864
797 483
244 40
584 640
592 837
961 947
691 87
554 284
62 714
989 184
199 731
217 670
479 455
562 404
729 967
92 901
779 282
978 140
160 675
695 446
917 108
605 274
313 157
847 561
773 501
13 322
522 773
630 608
715 77
412 886
393 153
317 479
877 222
265 179
262 188
829 965
660 956
21 831
289 14
940 606
475 867
563 339
542 341
228 854
692 215
39 225
445 737
780 3
607 479
872 142
29 410
396 505
179 731
429 321
812 928
314 277
884 338
369 468
622 36
694 941
437 835
284 727
524 85
66 919
256 733
378 356
254 93
269 8
533 61
805 840
378 196
387 906
726 16
229 672
146 521
489 641
100 72
580 639
704 668
13 420
272 648
142 199
724 504
713 212
135 699
924 584
513 987
558 809
736 155
549 503
734 295
794 694
997 223
73 858
984 61
247 111
867 728
2 972
586 629
430 231
551 231
749 618
483 222
864 340
451 611
241 860
753 110
403 341
198 153
574 77
61 673
38 51
961 418
13 263
291 432
475 811
474 486
869 237
145 824
618 670
107 359
794 865
898 648
871 824
192 443
825 448
945 184
452 792
830 25
992 568
106 802
689 130
141 544
425 310
111 279
818 819
881 501
547 359
57 543
459 334
193 284
119 756
484 469
176 213
75 700
896 532
489 13
735 1
296 164
1 779
238 728
257 83
765 774
742 949
597 262
199 38
422 663
716 187
934 613
420 888
718 462
466 582
426 559
132 684
496 840
439 854
987 416
834 424
383 286
374 599
405 269
261 889
408 369
76 171
759 464
403 449
196 523
97 211
693 455
581 767
59 629
924 288
609 621
59 488
171 595
219 306
994 281
913 93
367 246
608 218
428 248
920 789
268 292
114 779
664 2
476 617
567 608
719 718
368 960
885 49
367 691
49 140
912 5
412 383
256 869
321 802
104 289
467 573
883 10
375 951
971 206
188 272
19 685
19 589
440 821
118 915
727 974
194 580
221 689
638 229
471 360
896 91
269 593
872 219
870 462
31 675
235 571
216 129
718 760
990 90
804 460
534 119
791 919
696 219
209 827
930 469
856 662
756 2
15 767
746 344
455 188
848 217
200 550
472 408
607 913
243 968
452 137
141 118
907 451
2 745
780 833
843 850
660 979
200 633
981 539
752 664
877 476
449 444
278 152
249 38
379 894
187 542
348 386
734 389
193 794
121 342
736 691
304 737
735 380
981 621
555 932
26 347
270 285
627 966
59 761
449 655
412 267
807 790
131 473
41 782
685 931
985 636
878 317
404 411
799 558
653 812
21 5
232 280
709 910
912 237
645 809
320 564
338 639
104 271
692 909
720 366
985 251
971 607
107 30
160 83
890 319
563 163
168 918
111 8
774 903
595 242
598 688
695 56
3 527
77 449
797 353
165 542
870 522
685 547
910 551
469 507
685 167
67 185
191 72
303 275
681 298
81 14
66 395
37 906
872 400
760 10
41 142
215 714
901 85
647 990
793 783
462 70
694 960
20 265
809 704
420 454
247 722
628 527
317 1000
639 887
782 201
157 846
624 517
195 506
741 512
133 369
672 510
928 904
474 932
895 971
861 54
769 220
377 62
927 771
477 541
638 621
752 699
824 435
854 745
480 474
161 451
926 598
708 623
266 711
257 778
924 372
830 644
556 369
87 111
340 127
798 654
730 957
907 291
684 456
475 737
17 542
58 302
404 578
843 992
397 839
871 460
974 400
755 945
738 668
412 412
769 950
504 614
612 943
935 616
92 976
507 14
333 877
498 156
983 859
641 77
740 750
750 3
623 732
976 902
523 100
510 64
873 71
143 217
753 662
391 275
730 228
715 286
769 438
518 214
617 601
498 119
681 395
555 606
914 109
631 755
746 59
655 593
101 312
516 115
252 614
241 652
455 204
504 724
489 746
786 416
5 691
255 441
491 971
89 162
254 929
993 986
380 94
845 134
818 550
556 83
268 376
708 418
322 2
301 211
758 900
570 994
68 634
524 419
954 840
332 530
653 31
629 160
676 782
415 115
616 960
502 878
711 808
819 303
548 871
857 858
427 979
600 558
357 932
206 417
91 715
372 854
612 923
327 103
931 629
811 684
954 697
714 248
975 904
966 464
616 117
986 45
610 516
893 802
9 257
544 717
976 186
321 719
344 522
850 853
194 29
18 843
713 179
63 834
993 378
457 814
5 670
414 471
390 558
34 100
742 399
655 338
812 99
221 417
730 907
451 874
912 422
72 364
623 915
757 797
408 335
238 393
630 800
697 475
294 848
866 99
999 363
453 80
413 115
763 958
754 175
570 286
558 753
746 371
180 667
241 658
600 906
938 817
958 181
10 393
913 70
889 253
134 346
130 490
936 696
446 445
454 532
8 982
764 865
954 597
180 278
202 945
509 920
658 257
10 584
322 239
767 715
233 77
215 153
941 219
44 811
195 684
267 328
962 543
131 947
712 401
313 354
810 613
240 751
996 964
392 871
931 664
439 153
738 895
723 211
925 65
496 479
197 714
543 125
172 507
704 279
604 920
466 766
362 357
738 729
340 616
821 200
556 852
211 553
285 921
528 844
226 350
104 545
753 922
447 638
501 397
153 608
408 576
475 821
699 432
290 191
83 295
782 812
206 101
554 226
923 880
149 115
333 77
428 378
856 983
519 473
483 970
802 431
749 732
914 846
288 488
525 604
263 450
494 559
884 910
305 386
606 887
876 400
46 979
458 42
819 185
410 606
680 300
2 750
23 982
610 878
698 681
713 981
344 939
51 933
240 534
86 577
637 444
872 588
813 160
93 977
415 851
515 461
672 474
96 931
973 133
127 926
355 50
610 639
355 263
241 375
978 577
469 718
30 305
389 654
355 208
460 639
459 334
74 968
937 524
915 124
288 411
799 149
677 597
433 36
778 984
233 508
196 673
525 276
914 864
58 797
378 154
536 836
786 394
268 427
784 131
957 895
580 489
361 842
429 221
217 761
214 982
801 547
929 280
375 646
154 730
378 27
244 175
464 785
757 771
19 713
223 355
51 66
391 899
564 820
753 492
19 338
510 218
211 194
626 907
718 179
553 757
477 791
438 822
833 410
315 652
618 39
877 806
920 464
448 144
164 430
999 777
211 268
218 625
373 578
755 480
436 800
194 945
933 582
257 372
950 886
362 912
734 367
904 997
473 692
982 906
45 986
352 593
681 611
145 50
414 579
178 941
833 900
444 242
257 461
832 921
504 836
921 391
119 241
230 970
442 245
61 185
950 482
873 330
110 202
683 313
419 40
66 805
842 707
444 593
897 201
810 231
916 81
231 681
391 162
51 238
399 958
571 319
131 269
950 508
251 785
733 959
98 973
663 986
45 468
468 5
132 532
990 157
515 917
386 592
720 136
292 268
562 647
130 237
769 44
685 262
488 100
157 376
526 241
783 774
897 381
357 891
886 854
679 596
602 765
598 265
215 958
877 234
284 321
540 321
915 319
240 299
154 773
610 739
449 697
896 944
494 999
490 390
160 400
253 566
462 829
73 624
557 249
79 19
159 631
687 439
501 289
797 852
810 20
154 774
560 90
556 603
969 981
483 996
957 772
844 841
202 519
793 491
792 297
270 948
523 101
498 314
360 18
141 535
595 380
896 310
137 645
624 892
568 829
275 503
765 651
754 470
910 82
859 188
272 429
236 531
169 930
54 973
69 417
162 92
191 952
520 427
721 441
893 251
186 471
410 397
484 718
369 282
137 105
974 792
476 865
798 926
270 206
84 196
480 206
240 532
301 441
362 274
665 412
714 173
48 790
695 958
74 700
394 307
286 547
374 55
662 902
285 406
971 564
884 939
220 586
211 443
982 424
198 989
246 347
116 75
452 394
10 973
502 864
534 434
412 470
468 346
609 635
513 149
27 680
503 356
83 805
143 53
591 682
960 642
392 221
971 135
732 904
901 256
49 723
763 268
298 42
230 744
643 754
741 830
720 538
351 999
226 116
269 724
18 342
854 544
379 466
50 529
590 767
660 311
454 957
778 7
682 311
699 961
190 55
633 441
929 512
361 17
760 631
845 947
137 681
966 983
253 804
319 378
810 123
690 86
124 839
993 927
833 104
380 935
951 998
905 9
559 685
600 541
683 164
965 213
110 625
458 861
908 265
526 303
574 42
854 182
411 588
661 113
569 68
181 865
404 44
725 623
845 500
944 544
897 403
212 211
703 6
881 740
536 282
265 958
372 968
283 272
618 267
410 336
66 918
920 505
291 521
468 460
756 129
808 566
662 194
173 706
877 475
519 948
613 431
236 659
161 961
752 132
995 257
665 212
162 850
521 402
349 181
742 768
64 222
105 247
735 267
230 823
519 404
993 408
2 262
159 349
87 687
355 479
940 911
496 80
892 845
247 893
76 645
706 422
397 708
56 800
794 500
542 134
341 708
483 802
349 834
165 224
424 521
393 907
158 82
373 730
447 82
548 372
701 77
245 528
307 986
342 943
453 947
585 45
628 451
6 849
364 397
37 706
819 271
207 390
408 911
136 798
697 423
676 824
675 910
400 191
798 86
599 408
293 451
75 676
35 520
316 910
884 74
432 654
484 825
106 619
778 634
959 401
765 439
447 53
376 316
548 5
602 595
844 592
54 561
648 345
290 464
467 297
433 216
876 949
821 738
85 469
956 137
245 655
339 880
633 168
581 177
546 344
150 771
699 674
397 638
53 851
442 68
965 699
596 942
761 174
710 993
419 380
589 284
502 416
654 616
505 762
93 983
768 844
992 314
198 90
488 664
216 373
12 517
576 567
203 555
132 265
570 224
566 771
991 736
18 403
257 987
442 192
274 420
548 705
749 975
919 432
470 669
640 999
958 846
678 770
803 726
967 834
555 152
692 305
817 974
783 581
199 914
208 487
428 104
500 588
286 491
977 740
695 80
977 852
160 932
619 70
202 811
218 741
268 469
823 726
270 449
254 793
474 497
328 210
625 221
689 12
221 373
237 686
557 156
351 389
218 287
291 767
997 125
266 447
218 486
50 767
982 620
631 370
655 641
229 318
10 616
130 366
631 709
222 181
842 943
221 976
198 33
261 986
649 402
518 536
721 773
439 458
923 381
493 988
630 324
647 612
294 112
961 327
287 758
958 104
489 67
502 832
749 931
634 133
214 70
71 469
538 104
521 434
968 362
992 232
426 830
294 766
235 262
658 198
556 22
139 452
578 918
273 525
820 553
694 7
40 338
521 147
183 264
565 764
335 380
374 737
240 551
801 754
556 739
870 189
639 357
62 757
71 704
833 858
606 172
545 12
239 250
321 187
284 581
147 516
71 976
81 628
692 317
810 399
886 551
750 267
884 923
873 268
138 845
852 190
251 265
160 511
396 10
500 552
853 258
103 761
353 461
861 263
119 880
333 400
821 622
115 96
12 275
784 274
914 459
1000 177
151 770
492 996
274 280
562 103
712 307
795 217
28 260
886 481
848 887
905 550
307 28
537 145
473 980
366 470
462 285
537 542
822 973
835 419
986 357
31 172
928 207
49 845
25 44
590 374
766 264
27 846
668 731
497 315
995 865
648 845
885 951
562 323
261 594
11 302
757 230
11 744
137 353
989 761
304 573
832 847
566 868
640 259
82 512
688 687
661 542
295 789
52 191
627 790
396 853
666 389
528 234
657 479
318 606
130 655
798 277
140 541
861 979
761 860
482 265
282 54
870 166
251 222
207 889
878 768
906 781
305 291
464 409
470 401
399 239
298 211
818 694
208 853
191 812
759 185
729 165
604 905
489 908
665 320
293 123
336 118
319 262
820 670
148 238
905 413
716 987
261 690
20 115
615 765
62 321
147 491
993 12
577 740
515 683
443 697
670 501
845 519
907 443
146 814
765 300
318 56
916 612
781 564
805 813
808 235
867 678
894 602
866 10
181 432
346 205
915 615
696 12
531 396
818 493
373 585
8 180
747 981
805 118
37 752
59 956
623 393
496 475
350 69
750 288
522 55
4 466
840 721
723 435
854 726
183 467
308 788
455 24
195 404
498 982
789 368
62 805
522 760
477 415
874 68
759 203
161 912
835 69
445 417
703 370
560 571
419 295
818 789
88 598
127 663
835 27
511 298
202 467
827 947
42 700
7 152
479 715
86 258
824 127
232 627
202 978
70 81
285 547
437 988
249 22
49 70
61 304
228 602
640 384
396 661
852 461
212 771
403 332
34 568
341 680
374 42
574 832
291 638
348 49
903 716
219 599
163 398
90 28
34 909
895 451
494 239
718 752
52 76
119 746
331 335
500 596
704 181
863 773
458 30
765 510
683 365
259 713
136 754
152 831
378 928
597 420
769 858
390 106
351 643
603 793
24 879
756 227
684 760
158 982
324 120
345 48
561 599
555 309
863 479
409 952
577 741
786 564
543 331
978 234
455 351
211 822
70 428
411 60
324 195
577 260
303 170
404 522
377 336
777 161
937 691
794 572
268 507
874 110
400 655
890 292
927 58
669 582
437 737
37 118
664 446
987 347
585 87
994 908
569 622
924 424
525 564
96 575
902 249
645 627
745 740
404 461
797 263
209 26
160 801
334 517
416 979
72 938
786 188
656 531
890 749
222 17
248 381
266 972
836 588
660 147
208 976
986 584
757 67
235 54
749 585
833 265
54 383
213 299
922 373
952 383
736 349
762 881
630 290
835 21
361 657
437 959
347 655
226 648
954 970
857 257
102 610
910 123
6 281
271 668
787 981
642 950
816 138
771 906
275 930
884 462
492 123
350 470
100 797
176 183
135 358
779 768
278 655
234 622
294 566
189 771
759 442
335 215
570 113
50 319
672 307
283 886
422 75
428 374
614 792
655 530
41 744
200 58
399 208
322 483
396 136
752 899
310 365
482 997
726 146
511 839
851 890
685 509
859 561
120 784
356 801
268 805
50 497
310 451
30 210
573 198
285 557
209 686
304 244
857 938
340 495
825 583
932 553
186 955
117 407
984 329
960 52
516 204
435 559
652 536
719 404
266 821
323 350
886 762
235 929
234 245
42 336
857 441
206 506
2 143
465 405
498 595
720 118
260 89
757 704
901 604
143 561
771 490
633 603
16 760
154 645
698 616
631 563
589 318
675 915
728 242
509 733
11 734
902 853
965 395
37 592
861 254
353 923
222 35
39 637
977 414
840 84
248 936
322 64
103 144
478 416
310 186
432 906
653 928
118 464
821 765
832 249
203 270
282 74
951 170
773 167
551 874
951 876
856 451
915 23
332 244
173 605
226 634
997 39
590 313
22 396
990 178
37 344
256 197
427 965
817 554
170 62
380 829
401 564
223 939
757 411
316 604
333 701
575 699
785 278
35 81
370 361
447 808
97 762
635 924
508 817
517 773
721 114
377 640
875 116
666 196
842 149
904 646
867 762
14 809
216 572
68 159
972 642
628 460
128 604
412 427
946 769
284 562
144 604
767 827
736 833
579 953
137 663
975 417
699 255
184 167
801 736
725 601
298 124
298 829
943 639
692 731
8 496
295 732
791 717
581 470
724 746
601 230
358 646
586 499
208 220
281 308
193 370
994 345
139 727
598 943
873 161
824 701
977 762
160 428
239 256
42 851
698 473
219 31
574 26
73 862
617 746
333 560
910 565
944 414
882 192
976 691
765 592
630 234
620 658
640 868
650 512
597 600
91 328
820 524
350 214
348 277
303 76
306 686
727 209
672 242
770 591
34 385
356 195
617 807
747 385
962 247
109 917
88 951
477 34
677 863
944 997
690 563
395 354
583 802
323 479
656 449
126 595
720 34
254 553
773 600
865 694
756 750
522 261
554 876
829 73
879 528
322 163
19 528
715 15
914 981
791 330
35 912
353 988
536 288
117 48
64 297
977 636
732 492
789 824
886 288
416 826
403 566
847 654
58 68
298 325
831 894
23 212
39 593
42 792
952 642
700 582
810 340
231 901
767 274
111 600
674 995
993 71
177 709
703 344
181 993
161 190
317 310
155 663
918 243
678 540
406 609
989 448
79 161
278 591
529 179
249 731
573 136
944 248
51 708
212 705
104 845
301 364
20 686
698 572
677 909
189 801
301 98
614 85
47 609
273 834
952 584
632 378
493 959
529 105
224 247
38 775
811 935
703 195
747 869
866 328
428 545
568 257
757 48
971 980
421 737
44 870
2 836
514 686
414 479
741 646
461 428
975 894
735 694
911 791
480 666
132 63
651 446
13 697
564 254
871 924
381 154
771 927
709 498
242 956
905 418
787 111
916 62
894 121
198 353
141 856
321 823
110 645
514 254
342 493
801 385
776 554
938 247
955 961
942 66
303 302
809 334
827 826
969 35
898 886
489 850
568 819
582 523
463 785
907 146
627 667
95 740
906 613
448 945
577 306
403 375
960 720
506 945
921 766
117 688
117 872
170 422
300 832
515 351
491 714
403 772
704 652
192 722
212 849
444 609
894 525
248 611
7 240
895 406
901 979
708 277
961 313
41 970
902 578
969 896
236 46
449 644
467 489
68 607
909 868
738 756
376 748
444 634
767 384
549 808
643 479
486 638
578 920
229 528
990 530
383 665
376 807
4 469
116 185
548 481
950 574
140 27
598 28
851 860
766 900
110 685
446 882
789 299
626 451
362 39
996 162
725 134
512 521
461 147
847 580
872 908
43 982
454 637
116 365
835 804
898 260
264 71
671 782
990 992
159 976
88 808
74 941
890 685
627 160
792 419
893 529
60 234
727 452
819 527
912 927
456 979
923 704
434 710
436 922
731 158
644 442
330 997
178 738
130 946
481 199
501 938
466 700
97 786
390 676
735 227
142 942
929 883
399 846
236 975
66 801
172 416
847 164
435 871
77 207
332 146
161 970
88 651
136 572
500 691
400 961
850 243
368 208
739 409
185 351
697 851
12 335
831 39
180 358
352 514
136 900
809 702
565 245
586 732
933 767
133 298
252 150
538 840
24 364
834 74
718 625
26 419
918 340
39 302
330 117
955 975
113 116
626 377
181 182
56 363
548 775
360 909
390 417
597 93
737 382
940 993
219 931
867 256
147 388
305 460
724 643
351 334
654 744
111 697
421 260
