26 321
633 215
605 859
997 866
90 212
683 360
46 254
16 126
96 325
34 945
813 429
220 645
77 843
308 178
983 760
978 171
93 767
293 271
716 699
780 421
555 97
911 879
576 252
645 458
644 431
569 491
991 4
778 797
582 198
360 476
485 246
464 118
870 868
813 407
269 683
338 588
58 710
79 623
522 994
586 98
666 576
273 846
529 563
983 133
52 275
32 357
749 597
291 702
926 461
512 62
198 659
869 969
654 873
768 9
77 526
670 434
982 951
521 192
267 739
490 251
532 796
624 984
510 739
18 765
434 211
372 696
64 385
904 985
196 366
174 316
80 710
171 917
180 212
248 355
957 305
114 458
611 718
658 944
166 550
187 218
948 794
980 208
578 552
421 475
512 129
611 768
275 536
307 46
96 145
131 460
535 130
734 989
113 96
4 211
51 554
339 202
426 356
669 535
44 39
894 562
477 328
722 336
893 175
902 1000
868 196
68 690
479 256
7 281
523 404
33 767
45 364
64 590
793 829
4 665
930 911
275 960
836 191
771 365
227 371
710 617
140 956
689 792
184 450
707 117
294 476
802 28
175 838
531 986
966 309
400 964
605 16
246 510
893 688
793 499
750 435
863 582
856 556
468 814
697 686
923 747
759 615
209 367
438 575
442 781
871 783
230 127
382 816
898 193
307 218
790 707
491 506
635 286
628 518
613 12
150 910
426 323
199 115
618 277
731 670
483 962
833 295
516 968
744 836
70 13
447 388
172 925
153 914
954 572
781 890
116 732
846 283
918 606
446 570
899 344
397 331
38 152
979 19
275 68
492 831
673 686
419 956
519 1000
465 176
491 542
672 314
969 104
60 642
966 407
341 905
424 910
666 713
335 677
881 856
922 800
618 862
202 639
360 751
918 923
361 754
607 405
911 575
37 235
253 87
39 907
693 696
433 399
579 765
649 716
436 687
228 752
737 239
439 727
338 78
153 213
92 843
181 496
59 614
25 347
368 177
17 197
917 381
505 12
276 668
638 702
737 745
488 145
538 626
767 143
173 43
980 141
828 550
40 269
360 481
104 260
797 583
324 22
858 982
555 578
997 528
915 926
748 24
906 797
633 948
351 330
974 238
18 388
843 950
84 173
438 490
48 231
174 400
132 619
754 732
585 487
766 246
520 95
413 183
473 654
891 271
848 56
422 519
794 25
189 707
734 775
89 172
708 346
181 959
679 805
696 902
838 930
694 57
798 408
23 960
370 886
657 281
525 522
72 357
175 897
540 889
178 961
97 366
740 474
532 186
377 592
273 978
193 795
835 589
330 648
109 126
970 722
252 222
906 598
302 666
557 979
418 436
516 700
620 574
827 712
583 241
833 181
169 157
493 392
964 803
703 864
609 305
663 816
809 371
402 434
225 558
892 288
793 847
135 725
633 614
749 186
980 555
3 77
528 254
309 909
171 809
513 821
386 271
161 745
555 521
101 929
973 718
653 645
707 462
448 350
286 858
328 735
776 137
966 377
760 924
250 926
215 265
723 74
760 673
952 513
301 49
569 703
824 793
470 641
765 34
686 278
523 778
624 978
711 144
34 428
387 110
73 537
895 361
58 862
525 24
429 551
976 415
165 641
154 601
831 172
670 888
202 582
129 399
556 102
346 647
327 946
176 15
200 486
905 863
325 97
736 424
386 258
319 488
553 564
261 420
644 741
539 48
107 171
707 476
238 873
337 336
805 963
319 897
99 167
25 283
345 874
40 227
239 387
211 959
272 56
932 393
884 335
563 958
845 925
52 726
235 673
8 937
262 121
710 525
566 402
62 329
846 143
98 65
346 282
331 162
45 533
288 813
597 43
131 5
617 197
417 742
844 318
392 944
971 599
466 316
267 406
785 410
905 561
55 28
629 874
806 135
992 493
50 579
625 940
439 293
488 421
274 713
361 421
674 663
54 455
837 458
824 776
900 192
495 668
203 75
10 236
205 673
542 837
840 704
859 819
688 420
677 571
823 685
673 202
521 915
241 190
699 260
566 491
601 371
234 553
679 110
462 789
9 909
222 640
913 405
319 337
989 579
978 561
562 192
520 80
789 71
196 350
127 540
27 701
758 694
84 993
465 315
474 617
728 759
976 422
889 587
154 447
127 144
927 457
588 729
456 256
888 38
62 711
209 89
201 220
3 733
470 403
896 202
700 354
757 56
622 823
446 395
163 442
411 641
866 342
362 616
875 760
263 786
762 437
801 998
608 116
463 267
372 387
640 794
464 520
575 320
928 698
472 788
922 817
829 148
607 300
634 244
846 181
104 94
772 294
376 433
893 42
497 186
393 999
773 91
400 301
411 126
715 296
224 573
947 488
993 6
728 759
543 95
564 908
461 39
507 880
697 404
884 12
288 44
681 287
330 934
136 90
173 574
651 290
921 464
122 541
751 351
246 332
960 448
158 244
991 784
684 594
40 894
732 794
56 346
472 227
760 80
503 997
243 694
1 175
922 551
5 461
158 335
946 400
169 651
110 389
652 24
638 379
803 810
608 370
752 684
795 790
989 681
636 718
577 424
822 218
632 976
796 691
732 387
863 175
7 103
403 351
973 719
800 162
130 955
757 903
42 965
652 92
458 958
654 927
369 899
484 528
819 881
452 116
60 853
249 61
82 974
282 235
363 787
143 462
113 716
892 775
891 314
12 987
383 492
538 947
446 943
672 494
360 613
833 72
24 596
769 876
768 597
301 945
427 702
725 347
873 137
160 795
242 72
157 149
833 548
445 39
971 376
297 53
930 574
511 566
191 235
72 626
719 820
481 556
20 130
526 834
716 581
157 128
514 621
282 643
646 42
377 317
428 37
356 225
505 857
791 212
188 280
351 983
103 627
478 247
75 812
426 989
572 882
371 543
955 196
425 690
827 513
225 811
55 38
657 722
438 899
570 328
55 665
782 780
478 852
667 835
808 758
462 255
636 157
249 665
96 428
350 702
721 613
537 412
99 625
491 141
321 626
340 359
619 971
765 842
817 314
476 618
493 704
860 986
876 114
52 741
299 858
229 752
817 131
560 486
141 236
229 512
124 332
209 357
595 869
33 97
145 468
181 799
569 647
168 912
95 179
438 757
787 370
578 572
359 506
251 459
928 326
985 809
39 593
693 101
527 88
780 515
809 86
240 96
783 957
604 783
599 767
287 132
418 68
334 460
568 938
905 479
673 885
667 641
996 342
381 954
40 913
686 54
804 105
314 355
147 787
574 917
946 829
387 686
220 403
397 75
483 971
832 424
844 197
446 343
194 191
364 136
152 502
928 101
689 828
145 100
25 241
148 61
130 748
467 532
846 678
697 88
883 920
390 874
332 382
41 914
54 673
137 865
727 440
705 385
389 13
806 505
984 457
964 895
251 74
625 249
597 351
858 711
461 419
287 421
516 800
660 589
874 944
129 67
541 928
709 849
9 304
270 389
170 835
67 110
494 611
314 550
687 35
746 513
808 183
717 221
907 287
382 951
168 483
518 196
985 676
676 20
972 438
129 923
911 719
192 170
767 780
151 827
457 745
761 123
756 762
42 774
160 513
542 560
826 663
449 121
455 862
264 437
575 216
669 167
818 187
233 486
802 138
853 19
629 274
818 947
510 80
417 166
469 776
989 86
525 824
265 327
496 564
325 34
48 518
821 668
653 405
34 554
986 604
578 82
707 304
744 388
535 466
726 762
309 262
662 353
6 14
732 509
252 72
225 222
451 663
986 450
677 190
916 480
161 138
188 539
488 578
98 91
997 701
817 485
496 897
41 761
271 108
86 838
304 99
758 575
171 778
758 848
271 643
582 968
350 133
570 916
462 848
588 203
265 773
900 284
662 837
750 666
94 607
298 522
556 964
705 820
903 929
718 637
982 758
511 444
710 923
79 961
230 276
949 594
192 619
792 304
970 294
282 849
566 702
116 977
866 215
766 198
744 489
142 599
47 463
228 268
125 486
960 412
346 293
572 570
666 207
303 993
391 70
41 604
603 663
643 490
516 184
178 712
311 658
929 761
634 56
114 346
434 323
536 387
419 172
2 394
45 360
547 582
749 742
743 629
324 1000
311 847
843 375
606 7
897 733
799 539
494 78
825 404
880 268
526 975
201 51
574 508
495 778
330 334
556 410
90 738
497 824
642 563
31 730
312 580
453 459
858 974
625 219
700 38
52 460
279 293
421 417
612 970
178 911
944 355
500 60
323 914
431 45
704 642
166 61
850 800
283 217
108 64
895 217
779 735
378 653
935 272
750 471
624 64
202 684
24 575
391 679
589 832
158 544
458 151
210 783
673 16
757 55
105 394
665 585
35 744
987 669
77 737
198 524
462 804
741 114
204 951
653 427
818 710
402 780
421 103
787 615
157 996
568 631
295 583
933 163
801 306
658 151
259 709
78 864
105 945
843 662
863 155
515 285
895 760
288 551
809 322
378 731
820 403
241 660
287 120
125 859
893 563
428 721
854 664
378 394
266 41
857 244
205 254
523 125
417 209
372 686
490 789
589 69
813 780
