150 136
113 110
837 410
955 16
412 853
106 973
547 613
755 38
815 80
732 247
570 54
957 925
185 761
11 336
213 244
990 404
924 609
15 282
457 671
137 180
690 602
291 379
878 513
363 599
761 656
460 880
150 351
948 612
712 964
673 303
660 955
568 210
837 937
248 59
438 153
142 780
221 88
217 832
883 212
975 527
265 587
385 33
196 931
184 35
273 52
764 554
74 789
483 389
337 542
663 252
715 581
895 760
373 314
821 243
446 74
11 290
995 88
569 167
304 765
586 583
874 593
534 497
626 760
322 260
292 512
775 938
492 708
87 611
885 450
950 221
126 700
623 780
95 973
1 670
971 26
728 207
713 68
294 531
995 563
752 743
741 44
912 123
835 677
893 67
729 897
984 606
605 112
214 511
901 663
853 844
349 611
757 517
978 229
879 427
350 270
201 542
468 625
895 81
358 962
2 247
10 480
591 741
231 855
200 482
446 76
985 301
630 739
648 466
253 416
707 470
706 181
222 297
26 981
617 701
206 270
771 783
413 422
187 371
705 313
74 652
480 83
542 737
654 218
853 360
765 694
760 983
985 601
544 791
609 395
216 981
861 262
150 391
210 11
368 283
796 684
913 558
276 785
394 513
686 129
561 421
29 422
423 544
1000 813
202 714
52 398
296 554
552 591
847 544
670 994
358 888
26 474
15 21
456 478
334 722
882 600
882 445
401 770
798 4
714 7
464 78
964 828
47 924
869 703
645 908
791 691
608 802
218 75
251 12
277 484
41 684
114 515
899 228
119 842
832 981
928 669
151 153
504 324
174 386
521 816
738 335
929 838
151 596
649 897
936 725
170 26
4 357
612 875
377 368
463 488
209 787
493 299
444 290
82 463
60 555
310 474
194 928
373 718
234 439
453 575
963 485
525 132
403 243
737 170
626 272
668 370
398 465
379 986
45 879
590 190
959 149
69 305
766 844
811 571
205 753
574 417
515 86
373 265
203 893
317 675
963 39
77 578
295 614
474 700
172 164
831 46
62 721
349 658
930 40
749 775
331 132
106 975
852 401
502 145
599 857
347 726
317 169
563 485
194 778
397 313
293 979
940 195
144 7
915 424
92 230
169 986
606 175
239 647
82 608
879 370
158 249
186 939
588 83
547 283
550 336
418 227
203 564
220 128
797 287
214 183
575 585
210 698
715 631
737 253
16 617
434 758
154 728
605 348
916 205
672 679
465 855
184 913
922 96
973 254
407 633
809 556
245 411
53 428
347 596
360 781
177 995
59 188
342 265
667 72
254 812
250 665
193 36
73 84
88 428
912 300
699 956
90 92
848 375
759 21
311 898
510 328
84 842
170 174
291 630
551 399
434 434
558 742
252 226
323 353
488 77
836 595
200 422
175 279
674 24
263 230
608 266
117 793
50 675
100 452
76 689
305 681
989 738
688 263
957 856
915 898
93 576
654 697
898 216
230 817
226 740
35 240
123 532
784 460
838 2
333 692
708 106
677 569
160 281
164 389
77 497
514 397
429 786
662 630
895 499
680 631
183 56
775 253
362 355
188 261
644 452
453 46
862 553
553 834
446 88
459 847
68 421
120 716
795 313
51 376
649 626
200 88
816 785
671 183
546 229
867 552
625 336
769 1000
190 531
720 121
702 271
804 645
344 874
363 965
381 722
58 540
73 817
19 140
446 401
564 336
292 666
240 1
436 487
776 534
673 531
756 313
630 587
744 862
56 407
499 101
946 217
793 293
838 349
584 302
559 713
44 411
606 393
296 716
215 167
480 493
720 820
786 144
400 576
548 743
18 121
379 397
977 263
35 211
605 833
921 854
179 661
459 642
846 276
588 914
36 238
386 69
7 524
620 825
155 304
519 793
436 647
183 747
779 959
393 100
718 556
750 267
275 727
350 983
177 896
326 135
821 84
921 708
735 37
759 530
144 158
329 27
985 627
265 574
159 803
197 588
790 89
210 815
156 460
582 94
639 805
312 293
242 256
378 290
509 963
132 558
728 892
1 182
317 294
442 748
8 709
254 311
308 861
250 28
689 632
701 552
893 981
390 684
112 770
30 885
211 838
131 516
816 963
687 952
69 925
627 56
112 622
103 218
561 938
891 162
611 450
239 879
649 831
85 740
724 174
530 461
857 732
395 838
62 940
774 754
771 972
908 242
96 798
502 364
520 476
435 979
781 959
137 704
43 536
276 769
515 293
123 338
13 470
602 541
865 730
697 128
906 177
570 24
53 578
729 906
817 668
485 373
354 575
526 722
265 935
995 243
808 721
491 185
710 945
896 839
425 137
743 582
140 867
14 166
112 350
90 231
626 510
101 234
415 443
72 41
837 897
688 407
834 207
524 281
301 188
619 310
963 899
623 387
661 301
495 11
64 238
21 669
261 249
120 206
204 538
432 705
98 826
245 92
95 956
744 942
380 354
144 97
644 77
135 616
424 581
604 33
269 914
131 900
884 214
358 728
556 372
217 147
425 272
240 783
520 368
230 2
628 80
830 945
127 135
384 638
321 736
944 503
990 714
785 959
515 459
709 803
210 223
769 251
29 271
101 851
444 53
580 155
280 142
749 591
194 570
513 992
651 985
689 121
326 362
39 134
609 122
531 32
267 288
815 4
579 217
362 651
848 309
221 745
942 600
130 130
865 2
235 976
990 756
28 391
435 553
606 594
580 522
747 861
254 934
831 627
482 685
530 342
401 500
404 630
397 983
865 286
302 729
401 637
530 199
633 995
5 907
238 895
241 869
676 621
97 911
2 827
655 733
877 294
856 675
380 735
384 219
481 826
711 885
544 157
395 581
340 553
648 141
506 526
55 146
942 345
632 165
572 663
699 161
323 217
700 908
676 191
338 94
968 546
832 555
741 650
120 120
152 497
469 466
877 195
277 356
103 777
508 911
395 910
581 861
785 729
976 323
123 863
124 726
289 586
865 773
74 874
449 205
977 328
510 276
431 725
990 693
17 446
123 787
382 320
746 719
110 498
974 897
718 321
831 88
699 49
909 335
609 62
519 655
332 309
659 563
659 224
416 239
883 80
548 519
86 928
506 765
110 215
966 288
426 131
292 754
426 390
17 444
802 300
468 253
652 659
658 615
469 182
473 108
805 10
905 567
33 945
424 23
312 557
46 422
79 513
687 851
608 997
78 6
336 571
731 191
445 108
167 104
837 864
913 309
195 442
53 593
134 697
634 528
928 445
704 31
646 604
269 343
930 522
37 596
362 353
168 187
441 572
945 499
207 846
577 261
844 765
253 984
219 24
329 511
911 403
885 271
583 404
106 115
326 286
945 15
893 572
793 321
775 444
96 654
499 477
206 92
638 554
757 359
301 782
733 418
99 33
333 59
36 827
264 5
356 245
943 358
858 696
83 333
55 65
923 799
461 462
983 788
999 303
802 767
58 939
959 750
916 179
21 840
276 36
593 885
160 484
183 922
109 251
870 948
818 848
310 98
194 467
641 847
515 211
647 348
875 52
779 546
245 7
91 833
723 265
940 837
182 381
642 562
212 751
427 147
762 939
327 817
611 433
558 351
497 732
136 295
201 598
96 758
910 735
404 691
494 112
824 369
644 1000
395 359
309 563
179 423
306 446
107 543
113 222
854 951
759 330
938 832
16 364
631 212
133 621
150 723
725 670
347 39
432 933
578 637
807 335
908 226
517 734
899 747
754 571
566 278
922 118
453 235
238 837
62 614
999 992
275 636
797 918
843 409
896 268
717 195
66 850
142 850
123 445
455 839
688 504
168 921
781 937
318 953
707 377
48 652
713 526
156 352
424 416
277 624
295 498
520 795
988 447
811 366
219 202
100 305
415 609
74 664
749 361
654 425
463 548
978 549
773 790
732 657
986 36
741 296
141 195
906 112
778 683
246 964
276 321
259 205
613 201
578 815
68 979
384 424
85 449
605 901
269 712
1 172
164 76
665 712
925 698
494 166
464 566
328 953
561 916
445 699
456 540
579 434
917 665
274 295
794 95
825 909
997 652
161 105
744 995
252 50
727 769
768 104
238 168
546 118
260 285
79 774
312 810
137 460
441 749
701 380
238 547
296 591
945 831
161 472
385 603
606 926
185 310
822 5
255 867
384 907
31 900
897 591
103 676
130 42
58 713
508 725
186 747
560 746
964 360
389 161
785 871
714 925
444 970
114 522
60 318
499 809
546 721
600 176
893 388
777 176
192 927
291 203
763 456
276 165
299 643
874 696
262 994
486 245
125 982
143 198
603 505
170 111
512 325
168 403
368 911
284 596
717 931
778 311
407 188
43 499
700 914
147 7
806 378
961 634
821 654
307 900
143 119
176 889
680 737
252 431
411 822
456 721
182 16
608 937
560 862
292 756
202 120
552 912
894 683
66 920
411 704
127 475
75 851
40 261
594 718
442 353
104 811
780 198
399 651
769 736
632 106
572 993
882 338
318 980
520 637
464 445
51 10
952 253
609 723
928 967
75 640
542 918
139 425
728 981
532 242
29 737
425 213
682 248
234 998
446 584
957 776
794 229
926 302
807 266
793 712
731 982
947 934
104 310
49 601
143 543
638 483
60 90
121 463
643 143
665 797
382 420
944 9
364 100
556 968
896 738
191 281
70 134
216 674
432 273
643 413
929 67
975 565
513 457
362 933
939 643
469 233
965 961
913 323
490 784
339 730
592 858
649 370
760 161
399 617
76 590
583 667
320 128
349 198
486 61
939 123
141 108
554 669
655 245
667 828
793 807
444 586
80 71
575 805
161 201
508 549
996 875
915 978
345 232
939 212
524 600
375 761
505 914
730 996
679 629
247 852
42 343
541 804
609 806
799 580
626 65
705 1000
510 177
714 635
680 346
522 648
425 626
564 872
67 437
125 282
9 975
402 174
934 17
240 690
335 24
485 842
510 972
62 36
228 365
762 177
714 422
555 247
814 413
625 764
365 121
210 744
759 718
524 981
63 951
871 564
871 238
393 675
698 354
942 343
842 660
537 821
954 269
833 915
83 5
719 289
97 205
519 81
884 601
872 739
208 710
225 131
649 886
39 499
794 868
198 574
471 826
890 338
48 902
329 541
562 167
877 717
71 83
435 811
541 871
277 738
50 527
159 602
702 104
189 266
194 174
230 946
690 166
136 577
293 425
31 630
62 935
525 773
841 708
576 289
725 727
202 271
867 771
578 342
899 37
912 755
538 980
476 147
823 486
378 527
5 880
386 58
431 617
425 912
935 806
578 2
182 380
357 662
652 240
876 657
175 25
298 38
161 791
938 954
304 176
505 758
725 311
349 154
747 632
190 648
696 752
293 32
391 743
869 644
240 245
229 149
151 895
146 524
516 261
200 558
117 573
738 443
773 952
953 825
115 484
653 717
82 71
450 16
119 75
165 639
691 630
208 215
139 434
963 756
489 879
494 809
49 736
800 151
790 789
556 669
530 933
372 436
217 99
199 973
371 799
675 706
4 34
157 271
267 541
644 418
840 45
486 668
786 616
871 898
324 356
244 165
582 717
594 734
664 471
405 764
987 225
696 647
775 525
998 447
105 923
806 790
92 197
56 965
804 266
843 798
183 596
904 316
783 111
778 130
382 708
19 671
467 899
404 886
967 599
602 124
713 289
272 249
111 242
281 420
452 306
78 101
533 537
853 655
691 494
96 556
54 133
926 644
786 468
798 731
161 376
508 400
155 317
381 612
791 318
369 496
316 629
348 496
65 206
574 739
275 293
160 413
295 343
365 878
383 461
182 58
682 209
831 356
169 917
330 941
324 104
454 91
958 357
696 106
923 639
639 468
674 863
770 269
824 142
406 776
399 303
824 151
603 191
782 67
898 50
300 37
257 24
431 277
726 752
478 643
919 882
864 123
92 442
179 133
701 31
289 850
62 395
589 158
774 458
648 848
607 360
259 410
701 178
38 354
982 362
29 533
318 30
1000 831
440 985
722 579
171 575
654 551
180 603
537 695
958 102
50 108
769 435
543 22
370 609
742 314
495 117
597 590
633 946
960 845
554 818
470 370
622 495
219 874
831 762
510 392
178 881
554 112
208 931
779 76
879 931
503 51
725 413
409 333
422 861
773 436
27 604
436 116
639 223
466 730
945 98
604 119
558 585
447 943
748 98
512 93
195 118
180 242
831 203
361 210
910 302
691 90
249 667
750 853
541 601
351 837
510 226
40 494
949 953
353 112
95 109
560 475
664 703
49 617
644 641
193 807
678 950
900 305
701 830
924 527
477 345
981 512
7 440
944 158
40 906
301 561
776 192
139 53
227 905
57 327
16 834
655 499
875 397
121 701
774 852
936 625
494 366
788 916
958 711
796 731
606 377
314 933
37 788
147 416
485 793
670 172
314 242
656 22
657 435
699 657
876 491
107 441
738 632
768 753
304 665
834 600
21 871
597 79
792 674
712 36
845 636
779 987
468 48
221 711
982 563
166 748
456 393
224 192
962 908
634 57
979 77
948 860
36 669
222 549
142 714
159 744
615 439
17 30
614 991
521 187
105 931
470 657
251 66
154 753
772 303
286 650
865 333
889 598
297 453
784 363
617 315
219 779
991 521
636 485
129 150
738 741
10 369
132 802
530 540
796 758
343 307
795 127
163 344
395 715
914 401
20 819
368 820
929 264
324 793
418 456
403 747
537 544
44 836
277 415
596 947
881 419
856 503
579 950
837 822
212 479
934 320
411 730
321 272
331 387
999 429
243 463
969 192
152 963
403 413
651 798
152 709
528 66
703 930
191 339
100 555
209 255
425 785
818 842
783 187
618 3
127 662
520 774
956 12
338 587
420 560
473 615
705 353
606 397
211 315
859 901
339 819
585 146
31 920
946 4
567 669
538 243
186 283
646 774
174 554
295 907
490 616
774 158
92 475
713 123
705 704
268 133
852 268
552 906
877 157
159 183
140 463
257 135
390 151
916 540
373 674
650 365
268 181
90 358
769 485
34 123
563 598
741 742
450 657
119 29
867 643
459 356
714 324
97 718
326 335
672 981
38 209
277 524
997 74
519 544
786 834
361 204
29 641
495 94
142 894
829 137
744 885
485 961
546 978
910 552
674 136
493 767
278 840
704 18
772 368
265 49
531 367
171 636
575 165
888 857
865 81
10 851
412 509
836 998
744 868
857 58
726 302
531 618
257 797
932 278
174 711
87 84
8 55
196 681
79 704
423 249
711 834
356 657
298 788
427 124
614 578
222 669
786 683
110 958
132 145
487 427
740 481
294 308
235 220
346 202
189 816
400 762
720 328
174 363
163 349
40 455
707 916
934 597
127 727
836 76
490 423
402 987
897 770
797 286
298 242
622 219
246 442
333 184
137 275
687 896
784 621
539 766
5 132
999 32
60 992
885 680
381 688
494 237
549 469
273 494
482 432
131 31
508 748
569 12
780 838
438 550
223 637
939 993
751 9
816 865
888 448
625 550
357 95
425 845
128 491
212 919
245 979
320 898
721 265
545 993
561 261
298 245
84 970
144 426
261 800
997 489
71 344
467 54
280 314
396 275
185 646
809 309
748 218
607 119
710 917
849 469
549 535
687 256
86 609
259 242
72 580
533 341
295 194
408 184
533 656
445 382
242 804
312 374
698 535
524 997
322 353
687 723
925 15
418 224
34 518
98 291
344 63
335 360
442 978
676 761
365 3
910 821
153 492
828 121
118 25
899 649
899 542
967 696
899 762
467 974
954 763
389 349
980 245
743 171
349 247
267 171
2 910
231 144
864 564
864 848
716 910
376 516
931 646
424 604
540 790
737 684
561 262
974 680
231 342
786 700
514 792
726 83
837 668
339 557
317 549
929 546
689 499
68 802
209 521
114 670
225 535
922 716
606 627
30 428
476 631
616 256
81 950
451 897
615 632
24 397
887 31
122 530
338 254
15 954
816 233
514 858
446 62
386 773
986 654
873 81
181 883
829 476
322 362
601 929
603 945
373 453
307 145
649 429
324 548
40 82
117 36
721 416
503 689
212 238
564 651
645 37
976 357
917 288
512 195
849 618
414 351
190 228
567 949
148 463
406 663
598 371
561 154
329 16
103 401
682 587
146 185
779 14
18 427
859 640
677 924
795 921
558 429
845 647
679 839
378 62
456 192
753 501
946 274
552 337
665 48
443 943
93 12
649 283
610 256
921 461
686 810
542 468
15 183
752 409
685 380
407 419
930 258
348 528
456 543
559 925
914 887
693 700
323 416
722 566
825 673
849 252
14 947
259 864
767 405
971 827
450 105
516 588
641 890
679 225
644 125
726 592
619 103
160 689
196 719
981 351
561 818
743 797
396 571
303 181
524 233
208 478
642 39
128 453
276 830
18 786
267 887
686 705
490 687
41 7
440 93
949 312
346 934
794 188
763 738
91 530
562 195
821 83
649 454
767 350
42 814
850 204
611 838
492 676
657 350
757 111
803 232
154 491
881 857
152 11
683 814
525 513
392 329
911 913
540 193
453 177
382 799
980 35
51 622
191 671
644 222
887 210
990 316
676 340
266 204
401 98
65 960
469 579
476 994
334 442
997 158
159 165
473 652
416 993
472 493
943 351
759 224
854 380
399 856
756 605
303 380
631 597
658 166
669 719
220 895
40 603
340 924
501 358
146 18
768 815
571 635
943 737
15 327
415 263
786 503
571 351
87 155
241 391
565 730
319 376
630 643
239 662
27 508
936 626
633 898
729 836
180 603
145 557
124 954
627 539
358 339
40 268
39 806
123 7
472 234
847 986
526 230
680 551
248 527
600 28
499 854
448 11
665 492
348 844
128 188
948 296
446 23
555 154
111 627
348 793
434 578
241 957
793 20
201 782
243 130
116 993
973 708
922 91
508 294
100 315
42 896
997 961
376 396
811 931
656 672
363 950
468 310
666 789
963 566
46 224
608 571
357 528
582 765
96 549
810 879
462 654
994 312
459 98
130 143
318 59
56 574
365 826
663 503
822 832
380 459
11 320
546 387
430 489
439 592
564 122
507 921
373 123
620 775
840 776
97 981
521 984
268 963
117 634
32 364
699 6
761 140
377 113
650 338
980 959
914 737
917 207
358 304
419 770
885 18
632 823
492 172
271 877
67 889
570 670
189 917
340 500
759 291
619 81
75 263
801 308
205 234
937 534
339 394
504 29
819 490
289 69
586 624
285 652
301 225
64 802
140 714
250 46
898 12
599 760
569 624
538 210
771 133
724 917
865 399
97 457
154 962
273 331
291 508
943 619
194 59
759 88
493 11
955 333
602 359
378 732
36 236
808 967
504 71
584 232
223 329
468 774
784 574
725 367
450 158
472 280
46 228
400 746
734 117
75 417
858 350
222 245
8 548
615 710
162 511
231 655
870 790
248 87
275 788
556 127
478 755
160 950
136 509
926 831
680 906
643 781
104 646
277 413
943 816
240 797
529 144
223 919
580 386
958 455
319 326
286 534
312 244
657 198
807 180
117 22
812 836
729 635
625 512
589 257
979 993
490 194
358 907
230 861
228 367
929 608
415 18
400 639
485 865
397 792
179 121
5 466
189 613
3 875
977 480
42 80
725 530
416 77
466 829
896 592
357 723
835 983
386 951
703 292
843 79
923 830
454 231
132 909
849 218
999 108
400 120
725 152
761 194
599 144
858 221
928 929
498 597
895 990
565 184
140 437
331 908
79 746
221 22
132 360
823 39
982 114
189 295
294 503
295 134
705 579
57 354
685 306
707 327
983 227
919 395
958 577
84 914
19 606
190 934
657 214
763 866
231 548
92 546
219 653
290 64
558 721
396 617
193 523
354 911
781 892
362 688
47 626
376 423
966 608
742 892
812 621
437 783
572 340
192 319
865 609
297 90
339 189
838 224
819 468
513 142
943 146
801 657
515 333
381 648
627 236
527 604
536 645
228 35
574 184
720 728
189 372
704 15
284 675
852 717
723 720
879 779
614 802
184 296
109 657
307 885
239 956
669 980
160 27
25 297
490 655
230 604
884 285
708 340
59 649
204 564
752 290
125 281
164 574
621 357
8 542
294 749
371 886
740 443
635 82
31 144
607 930
132 879
339 680
552 731
560 16
876 815
239 457
257 849
663 491
477 263
843 922
700 504
796 427
233 159
243 528
846 810
677 320
523 823
37 95
970 326
163 432
286 406
219 729
453 717
974 449
780 306
48 334
28 604
850 690
719 582
809 148
559 568
169 846
705 87
34 481
834 499
748 802
820 888
11 535
985 327
342 410
254 655
918 729
412 588
670 830
595 546
303 261
676 762
164 199
329 944
169 285
397 859
277 132
8 16
382 460
241 191
812 628
275 606
907 306
973 680
69 7
429 372
459 99
319 974
301 236
854 393
428 690
817 314
532 860
832 172
916 204
456 128
267 760
892 613
115 501
861 950
962 767
41 951
771 451
72 442
798 648
641 71
564 887
9 334
697 749
888 142
874 883
545 351
63 624
708 441
198 756
539 194
533 757
986 626
315 93
780 414
708 412
301 217
828 414
904 141
425 607
154 6
117 27
71 905
194 783
242 257
847 475
353 286
268 9
584 178
589 736
131 998
160 311
550 153
908 38
294 778
505 170
963 132
531 61
593 370
348 332
219 151
782 445
762 919
121 368
252 105
460 221
913 195
130 616
441 346
771 845
755 658
861 875
383 749
138 941
340 455
920 58
269 614
540 666
670 555
130 49
534 78
925 271
811 265
377 241
620 123
613 788
88 979
178 961
783 33
489 342
64 519
49 248
84 983
260 824
134 450
288 200
154 436
170 347
595 319
187 504
237 933
813 952
897 483
553 785
726 803
229 461
901 865
372 510
957 884
566 433
339 337
767 489
703 646
175 664
681 315
436 57
918 494
2 643
915 156
841 295
709 486
367 360
619 403
136 836
903 721
711 397
869 779
338 581
141 586
494 369
850 934
252 607
424 734
307 961
244 917
790 294
867 492
370 928
202 654
209 145
190 899
632 884
794 176
638 352
300 752
626 28
961 905
100 117
538 583
779 382
534 370
559 761
53 102
773 901
822 331
684 491
2 299
218 665
655 99
758 499
547 129
456 984
721 617
502 916
475 530
947 499
879 763
824 578
868 715
500 600
985 725
195 557
487 37
313 322
475 357
372 947
77 664
638 984
22 899
10 659
999 197
427 956
58 847
617 452
49 74
805 67
556 930
684 543
230 326
336 572
278 496
806 411
220 392
229 794
931 422
259 103
378 4
834 835
421 270
521 778
311 217
900 821
192 410
56 421
635 68
136 652
752 138
523 814
979 479
884 148
738 324
865 664
454 747
298 732
311 686
291 218
614 547
593 259
982 697
90 664
71 213
164 942
211 468
426 513
9 198
949 785
392 707
290 954
399 544
171 895
141 512
117 509
379 1000
859 519
872 497
685 987
928 756
108 907
591 659
205 308
959 613
708 628
904 311
363 682
862 860
729 601
280 509
487 781
74 805
385 286
442 915
293 432
226 835
537 660
151 374
702 517
277 740
130 723
912 461
601 618
738 227
824 234
590 399
468 328
652 342
683 344
172 33
566 867
561 468
561 155
765 980
507 817
409 625
41 651
211 414
596 866
833 27
62 944
392 55
609 291
819 867
974 475
526 993
217 524
622 971
569 766
785 510
648 56
882 58
119 660
589 643
990 626
568 733
206 962
304 641
856 567
441 78
544 688
258 151
259 717
467 792
373 928
79 851
948 732
494 918
354 695
521 107
927 832
485 438
334 73
36 412
146 331
766 438
302 159
500 104
498 70
891 528
102 454
630 291
980 838
936 685
507 112
124 848
877 315
828 165
274 128
772 100
163 98
9 116
961 747
220 199
514 781
797 656
976 343
165 547
915 772
882 537
266 500
111 441
118 325
509 418
786 163
630 289
497 21
53 100
657 715
778 354
813 512
497 650
278 428
254 886
835 52
821 868
117 402
313 105
799 558
448 412
412 401
319 980
200 494
403 206
524 954
736 257
251 632
776 530
689 785
222 673
693 178
41 67
694 477
497 576
964 974
474 259
590 113
22 3
616 435
156 68
847 569
85 534
491 653
650 359
880 179
110 935
151 132
691 330
196 678
354 213
474 942
535 410
944 730
339 896
634 685
797 33
812 661
183 642
437 232
468 817
474 88
684 704
839 470
234 685
831 830
960 853
960 895
537 773
262 888
271 283
765 768
204 505
972 863
941 798
390 951
584 258
187 487
930 617
214 831
190 715
584 513
461 666
123 660
210 107
445 349
549 972
722 937
835 863
958 506
685 40
561 533
617 271
369 622
176 655
354 771
825 735
270 516
702 839
1 960
226 168
277 531
140 672
789 366
950 683
154 861
438 685
758 595
432 950
156 530
440 719
897 801
325 897
559 60
173 442
727 728
956 932
799 396
346 648
740 487
219 184
995 438
799 416
21 8
448 99
646 977
884 996
795 604
652 360
943 451
457 593
420 332
38 653
560 801
919 816
463 180
478 941
605 206
507 712
83 453
363 715
264 445
558 731
351 203
840 277
513 575
181 109
230 665
84 211
505 918
504 961
218 202
262 623
756 947
571 888
248 989
577 993
647 548
334 938
309 482
617 607
246 719
892 220
217 337
864 655
663 1
54 962
45 101
92 601
475 997
354 149
423 222
213 540
705 555
880 666
425 259
207 613
11 199
766 788
236 556
488 326
78 431
705 334
410 400
176 873
651 584
31 650
861 517
651 693
456 385
144 20
76 94
444 364
393 218
728 222
368 20
636 561
431 333
402 630
653 219
336 464
379 163
811 642
849 173
767 990
686 466
157 505
580 309
455 161
643 215
998 73
651 353
816 250
64 758
582 248
324 145
390 864
263 697
549 286
551 673
913 170
700 200
840 104
355 608
681 94
515 446
287 36
505 32
898 415
279 649
907 246
798 473
418 742
710 589
619 371
899 86
872 899
362 97
172 765
242 857
363 185
562 619
534 527
659 663
5 195
174 344
628 954
645 421
237 703
47 488
110 569
175 78
230 865
565 254
912 214
194 632
314 90
916 273
330 555
750 750
226 386
521 766
711 682
505 30
895 462
543 572
282 438
192 150
921 227
942 716
707 524
86 94
589 32
645 977
694 444
354 213
522 900
304 230
926 469
390 793
583 644
486 561
204 206
41 242
362 491
217 886
77 244
260 525
921 923
747 621
146 556
341 265
346 318
300 782
40 437
428 853
481 794
594 37
718 756
195 293
119 493
482 696
509 432
473 879
682 190
311 629
545 662
885 153
831 85
281 735
929 241
938 781
565 317
592 109
164 925
696 256
455 533
649 992
571 608
435 801
56 986
158 968
960 628
813 475
940 926
554 624
102 528
684 421
12 443
94 532
965 378
731 453
158 584
415 364
746 278
389 625
633 521
74 861
3 418
402 186
93 643
71 44
151 768
501 148
572 626
696 450
3 33
697 891
235 263
549 175
300 224
620 838
947 163
225 144
52 8
312 270
629 278
715 491
346 20
996 51
162 566
324 983
230 513
791 424
793 86
704 34
496 354
117 305
878 789
321 270
690 803
255 216
569 824
838 289
333 243
859 492
420 298
32 599
128 590
737 813
740 833
298 514
765 732
871 917
439 438
417 322
618 76
615 244
220 251
897 132
895 381
781 737
258 724
25 334
155 887
604 399
412 870
197 145
817 73
65 647
85 75
731 862
721 22
761 477
369 757
748 265
350 393
33 973
660 733
392 616
556 992
754 865
806 948
91 431
609 331
122 872
818 795
401 242
467 434
84 592
454 857
80 639
692 136
146 106
570 757
496 498
901 275
25 660
58 367
653 866
613 794
825 521
949 362
866 799
258 500
48 144
597 755
799 935
819 580
213 974
854 543
723 285
360 846
802 619
146 609
529 417
759 646
887 998
611 720
534 569
396 908
724 974
340 239
579 919
275 293
921 711
34 578
648 273
388 252
579 372
458 370
259 588
288 991
593 85
331 215
860 701
120 668
5 133
414 233
163 541
47 251
464 920
487 492
971 571
692 813
126 439
69 324
24 728
250 667
400 736
800 100
432 572
741 178
728 819
54 911
691 182
789 78
804 635
528 125
488 171
843 950
773 347
526 236
809 25
496 898
61 14
589 654
379 881
642 595
575 299
502 184
516 581
741 733
198 748
815 418
193 196
186 33
46 170
734 486
627 981
908 793
576 44
806 306
937 407
589 563
33 872
869 61
499 511
736 146
291 257
748 917
714 940
623 606
506 92
602 109
49 811
940 194
76 54
604 597
151 848
422 948
341 935
142 548
261 354
297 138
736 358
336 779
334 597
873 760
199 108
171 989
365 208
401 687
510 262
56 200
191 370
719 955
457 751
763 174
739 672
291 628
209 230
370 142
439 659
491 531
240 522
925 865
395 254
273 343
856 226
676 545
195 340
754 84
478 561
195 505
404 600
233 467
215 128
189 457
613 180
998 823
268 171
206 330
41 970
880 381
78 678
505 730
545 405
596 244
454 643
803 338
887 539
447 636
284 982
458 302
405 456
472 761
62 273
609 160
300 506
640 286
545 882
505 672
651 761
544 436
466 300
675 427
652 404
361 598
490 584
914 742
490 887
814 528
202 39
777 447
197 284
786 132
302 922
320 563
576 95
643 167
865 88
27 288
506 431
124 811
748 225
165 460
403 781
343 671
514 941
825 116
49 805
348 428
82 824
267 810
315 722
537 780
887 103
712 576
594 566
100 959
142 462
697 57
561 29
264 688
258 99
579 342
976 733
144 128
749 754
133 303
913 163
92 898
159 427
150 221
992 180
930 768
554 405
27 620
479 157
526 77
706 298
854 764
780 669
568 836
454 930
706 252
904 605
758 570
300 36
552 804
804 576
804 708
312 392
128 95
911 874
760 33
972 229
773 110
400 318
735 210
932 31
566 821
56 959
457 522
598 119
348 312
449 240
552 214
690 223
580 922
309 625
322 196
29 73
305 807
976 755
414 746
435 829
955 842
311 530
750 961
533 903
698 486
961 474
205 961
37 965
342 922
140 129
213 158
47 848
900 859
226 189
544 27
301 983
616 26
912 223
56 636
639 401
134 483
69 685
948 635
423 749
593 382
736 820
45 676
324 884
987 257
944 416
222 434
757 359
629 41
375 765
219 762
124 666
229 587
993 171
363 934
827 541
169 584
406 542
847 534
305 681
392 529
551 399
271 263
213 617
721 896
99 651
544 861
805 396
743 66
3 454
625 795
232 675
283 368
522 265
955 375
695 981
394 315
256 121
686 22
368 984
711 221
714 567
427 488
17 311
137 31
86 299
194 185
471 461
541 627
421 646
405 989
541 33
844 38
128 185
704 79
221 759
961 816
703 948
670 819
522 200
384 221
713 777
780 122
313 468
810 58
129 89
658 620
263 60
347 493
982 794
156 397
644 308
246 280
71 146
888 49
30 271
109 128
230 984
114 811
888 998
861 540
124 44
625 800
294 88
665 349
209 942
878 965
800 909
428 223
369 90
661 377
617 944
164 910
143 389
634 735
23 253
734 798
554 10
197 440
108 488
780 923
948 49
666 626
62 103
663 577
339 942
255 985
67 466
723 947
498 165
18 403
69 264
252 358
421 174
539 562
504 20
565 326
754 384
772 71
631 457
325 804
938 800
868 96
376 976
276 265
733 107
441 551
605 511
468 881
251 388
735 327
509 555
733 80
458 348
369 608
268 832
58 73
710 395
342 582
336 768
360 440
738 202
259 839
107 837
141 471
124 415
431 84
181 129
368 917
426 261
331 680
161 383
691 107
733 245
354 376
233 62
44 516
714 696
3 383
167 189
477 822
68 230
648 761
497 702
385 184
448 956
557 601
195 747
733 337
41 969
61 483
249 877
873 312
388 158
144 395
247 528
770 470
244 445
778 470
505 164
548 772
528 799
276 739
806 746
585 669
153 509
287 571
6 938
589 567
279 162
336 218
636 493
240 673
458 416
106 498
820 589
997 416
185 889
471 332
305 250
588 953
647 451
873 288
539 349
119 457
529 995
930 233
650 944
858 22
846 782
756 398
732 584
479 55
912 64
69 19
144 803
628 778
458 136
962 47
27 718
710 321
685 156
869 825
468 588
344 217
395 860
917 760
111 325
418 974
356 138
383 446
955 700
22 294
414 373
199 108
426 564
641 641
324 738
176 125
127 88
246 567
221 439
664 744
100 489
898 599
719 491
100 632
450 699
964 812
289 660
622 391
282 481
375 203
213 803
587 57
280 273
55 460
828 414
754 615
950 980
463 848
48 888
37 117
106 376
782 228
849 831
563 21
276 179
707 588
591 865
816 29
948 845
310 914
164 109
230 188
607 588
302 418
534 226
24 166
575 76
880 179
798 735
359 239
120 614
712 117
68 123
69 690
741 509
626 588
879 436
687 283
754 862
586 294
878 731
599 45
857 857
474 984
607 142
945 167
230 348
65 854
162 300
289 395
875 656
152 160
484 209
715 809
92 594
344 136
797 316
366 183
504 520
226 961
440 737
533 387
404 540
725 643
268 937
92 298
857 786
196 480
677 715
482 923
688 901
294 166
422 280
665 237
213 353
682 123
895 770
626 192
221 163
38 647
577 502
804 922
16 253
369 271
111 982
135 310
626 690
982 302
604 657
614 8
13 116
468 576
712 820
273 545
943 241
296 741
502 960
801 907
530 518
956 394
813 249
197 627
243 798
600 653
281 330
732 548
291 502
177 82
137 252
761 977
837 700
909 789
625 345
744 135
770 924
929 819
652 373
148 779
767 808
254 153
195 184
872 501
380 690
413 187
448 372
22 826
768 801
495 835
249 220
699 769
647 533
89 99
894 894
402 706
655 246
532 129
556 631
994 484
771 139
860 138
319 86
583 190
812 435
664 965
599 640
173 772
21 775
846 698
595 46
693 220
575 72
387 705
680 516
252 616
747 211
152 153
77 897
769 968
470 51
78 989
699 476
537 787
652 720
163 382
912 581
440 263
536 191
912 58
6 10
235 748
149 917
996 173
135 688
278 474
252 472
52 593
2 166
162 235
357 54
921 903
530 901
812 807
120 915
556 802
218 177
86 488
653 144
204 422
699 977
483 328
644 685
115 29
115 662
401 887
209 631
671 460
27 965
770 540
268 88
993 321
927 381
161 976
426 570
795 330
501 712
286 586
57 181
609 786
143 926
285 977
479 191
517 642
276 767
778 835
793 54
974 465
608 98
620 734
908 713
117 190
159 602
364 842
875 673
280 629
756 881
174 745
942 239
577 397
556 294
27 192
251 695
146 358
99 729
761 832
469 505
570 204
768 718
950 694
82 547
337 552
588 374
323 188
338 384
299 806
628 519
766 573
501 365
715 928
427 945
347 968
560 842
666 826
976 854
631 991
501 550
314 642
576 849
627 479
164 929
459 567
333 767
880 496
609 571
913 248
904 977
357 767
64 959
438 559
628 689
572 34
618 805
893 269
651 489
695 626
540 280
495 477
788 124
746 425
485 22
865 424
339 636
759 681
676 695
584 750
261 721
244 803
721 174
576 79
522 459
706 354
536 450
78 329
560 938
69 592
162 436
582 339
969 912
216 791
812 57
74 686
668 310
390 440
686 709
83 303
991 424
16 358
563 156
686 790
898 625
866 771
771 213
307 473
144 475
204 241
607 780
549 957
888 684
197 914
313 664
533 457
977 760
875 633
767 605
536 616
103 508
987 848
982 17
655 879
577 898
743 388
876 397
351 210
445 31
139 42
258 943
191 300
276 978
789 107
745 911
628 161
38 526
12 343
133 734
924 867
492 346
819 752
506 314
312 541
449 320
765 739
465 308
267 956
785 478
26 261
798 776
813 971
755 899
473 991
251 111
412 828
676 793
505 179
587 493
49 744
316 330
569 96
919 832
582 980
779 257
132 171
233 646
426 27
765 623
673 407
879 999
743 309
319 990
931 640
511 508
863 721
496 622
8 841
982 890
183 769
768 122
435 696
615 751
355 408
674 14
907 327
306 871
21 844
730 27
329 845
34 455
728 655
144 470
91 903
824 19
162 644
911 969
909 104
233 927
278 557
111 59
647 622
52 237
824 890
201 579
111 521
759 677
748 79
66 807
544 864
275 297
276 321
940 315
226 58
683 790
440 597
499 384
404 845
664 761
748 510
980 98
17 490
51 235
466 762
303 341
47 40
980 254
801 667
619 249
900 795
87 406
672 22
142 153
908 742
312 615
151 768
455 436
150 116
372 533
383 352
321 898
158 576
574 591
311 591
472 846
796 708
419 621
401 110
881 295
728 242
920 376
950 967
867 825
505 853
619 460
942 697
548 250
752 185
26 482
206 222
126 857
669 461
304 363
439 710
605 589
379 513
998 55
409 905
14 793
811 56
252 675
657 666
388 539
345 167
794 884
636 273
634 319
410 723
954 240
767 814
557 367
415 263
163 83
29 466
457 592
141 919
159 661
713 566
377 999
248 62
81 254
697 786
361 855
552 174
30 462
655 812
997 690
754 954
503 910
986 648
470 621
665 532
907 588
957 541
557 54
428 794
460 829
940 427
315 174
71 266
575 569
826 291
368 706
847 360
287 10
467 654
494 235
170 696
729 175
911 152
820 771
118 976
914 236
263 117
67 661
775 168
150 203
411 251
398 877
67 588
579 901
504 127
759 528
246 200
179 465
724 384
948 299
360 536
448 406
919 224
580 671
254 755
154 657
389 215
614 822
483 210
457 691
414 661
755 925
851 160
186 231
456 111
823 865
526 511
35 499
588 536
281 545
603 854
25 542
561 193
224 192
505 609
863 91
470 248
677 936
891 354
908 672
405 18
504 964
460 185
439 707
745 653
449 1000
987 237
200 863
657 183
892 478
835 913
114 985
864 897
882 736
743 509
237 406
675 790
681 416
464 185
363 875
445 431
361 517
693 562
550 904
937 400
983 476
894 108
346 139
181 634
59 310
985 463
606 673
692 597
894 226
677 787
406 771
374 627
153 901
91 549
874 179
146 300
238 771
302 764
173 155
228 173
378 556
51 671
793 292
434 721
427 341
754 887
156 800
862 280
821 481
300 414
546 792
581 975
132 575
314 955
515 810
277 245
10 951
468 87
290 265
806 52
950 192
537 877
968 820
924 481
220 859
556 313
80 38
637 184
522 812
355 174
971 14
843 82
997 228
695 883
156 874
532 608
219 860
270 398
14 686
681 260
349 649
635 283
898 737
228 609
848 144
555 101
889 448
210 704
443 437
825 939
91 621
161 585
863 668
510 991
712 565
756 493
558 15
563 523
885 41
488 668
454 261
440 55
384 90
603 5
637 499
3 43
5 890
520 93
616 997
769 911
205 452
1000 856
455 850
223 573
526 158
428 788
302 744
11 533
645 623
884 632
531 552
739 856
408 888
335 304
310 549
820 180
77 674
588 90
220 158
555 561
123 323
829 234
334 259
696 626
232 735
112 856
620 54
312 468
475 272
699 61
362 383
216 374
536 68
468 376
506 55
392 812
777 934
654 767
886 673
907 70
425 972
599 817
643 806
751 549
959 308
974 894
537 4
188 123
114 950
968 429
623 644
766 724
73 438
762 820
353 739
288 54
465 126
569 826
698 155
943 910
552 307
633 166
271 555
316 244
363 29
807 835
927 988
882 963
255 381
357 375
231 839
472 298
902 998
810 814
838 180
333 428
247 949
752 369
545 702
671 444
550 302
194 704
665 854
525 842
845 138
103 875
164 348
421 720
683 997
197 758
396 616
421 839
35 698
540 166
611 618
656 416
524 897
165 704
354 312
181 224
543 197
99 436
217 685
390 376
569 866
655 731
802 268
786 453
138 919
688 471
189 756
927 900
926 344
170 292
975 250
721 656
664 626
454 122
114 152
779 228
210 553
851 42
477 468
173 746
660 819
199 610
254 971
561 254
589 647
487 576
617 597
11 329
120 458
963 214
994 319
671 625
447 708
735 130
239 604
49 132
354 86
764 204
922 106
831 956
318 272
141 705
591 674
563 688
63 255
318 825
25 891
79 313
603 943
257 688
544 522
544 617
185 740
453 219
191 604
442 85
479 310
839 734
406 781
294 150
556 119
508 126
804 205
438 90
730 156
375 773
554 984
890 241
185 702
345 595
156 414
511 342
506 259
237 193
846 749
791 89
356 283
758 763
837 72
217 856
881 132
712 14
406 612
379 568
820 450
174 940
530 262
794 174
226 934
832 278
826 513
630 278
554 153
773 31
797 582
452 159
717 995
192 846
170 746
320 429
553 649
624 7
364 178
606 278
1000 956
647 739
464 93
434 423
498 115
435 481
86 631
220 309
666 65
491 694
446 428
133 726
810 187
574 710
702 625
246 436
803 868
943 173
139 855
805 300
549 603
191 671
60 128
416 252
706 448
744 513
46 153
683 570
956 917
666 542
124 499
488 8
72 213
794 203
163 382
190 514
810 563
888 596
953 38
171 533
854 817
806 7
690 290
355 688
165 891
688 977
572 249
391 489
617 453
570 138
234 362
522 62
609 298
362 39
73 908
943 621
617 276
726 524
271 400
854 677
381 261
765 607
71 152
765 271
321 363
430 143
747 412
146 675
705 892
687 923
436 304
864 122
316 396
902 884
522 225
400 956
678 374
749 710
889 346
571 245
291 410
304 134
313 859
541 757
508 550
742 595
361 513
80 719
26 675
156 156
486 450
776 860
193 577
65 701
637 422
43 782
222 887
271 590
361 811
656 518
561 986
235 123
525 401
704 453
958 133
655 694
25 138
410 833
241 300
34 740
474 807
958 567
294 643
370 370
112 840
105 493
260 766
699 720
617 864
178 592
639 379
420 37
78 432
977 921
500 554
295 996
460 254
865 285
778 682
812 481
299 418
228 788
88 161
289 823
431 525
271 995
515 75
391 179
919 3
109 612
54 55
528 991
653 4
478 57
181 445
974 298
196 680
611 869
454 99
139 90
797 608
852 427
756 321
61 221
711 62
976 596
90 66
592 476
708 392
300 878
525 798
326 804
122 21
232 93
959 461
388 507
163 353
671 202
273 465
593 525
512 134
537 583
974 54
74 956
271 339
449 581
795 960
540 116
75 196
964 294
783 882
244 63
189 579
884 367
975 49
587 499
607 492
220 321
615 756
226 420
684 111
737 644
740 240
617 205
1000 764
51 800
954 923
813 58
74 789
44 952
364 26
128 3
130 221
562 945
496 966
722 127
26 51
41 75
669 403
810 98
194 215
191 916
377 267
652 911
422 688
605 909
714 772
735 852
730 639
93 487
19 732
643 425
445 377
919 566
587 324
695 180
173 231
757 916
523 968
134 28
600 34
201 967
364 45
995 383
793 524
366 259
825 856
160 211
475 148
780 456
998 504
636 88
934 820
838 974
577 25
724 768
589 755
150 771
493 551
841 833
778 730
6 783
159 607
866 723
406 149
247 986
622 152
881 497
174 738
735 728
492 303
634 206
307 678
170 382
781 127
462 856
862 963
320 636
251 929
61 419
244 314
628 977
479 311
604 138
941 472
575 98
1 750
101 319
333 712
755 238
526 534
296 809
605 827
912 236
984 531
585 430
146 769
545 973
566 618
781 551
553 705
406 853
917 863
238 454
367 579
949 768
541 306
103 920
733 737
329 629
715 691
613 975
899 502
20 637
905 453
853 976
91 9
559 444
282 93
830 524
962 471
582 546
241 160
233 904
867 224
910 218
338 447
653 744
789 887
47 431
156 17
369 767
20 610
155 433
437 588
895 119
301 414
36 588
882 250
665 904
30 624
462 966
247 232
730 425
80 168
710 123
408 111
450 308
447 867
634 539
407 461
699 106
997 455
318 429
911 857
437 401
21 451
42 262
143 713
99 302
275 109
828 676
425 310
742 777
662 362
907 124
6 672
120 931
760 607
506 647
251 138
646 778
235 304
641 825
109 463
633 703
537 831
455 819
269 531
209 460
55 758
453 907
738 607
664 743
842 656
595 908
40 910
451 925
410 339
398 674
243 492
970 274
297 778
87 341
954 263
231 320
401 287
332 599
455 635
482 713
674 716
603 222
593 900
402 214
979 391
623 816
771 563
714 833
803 597
378 6
383 532
199 398
714 311
880 529
558 94
207 860
587 844
400 916
106 210
287 685
770 484
438 685
168 780
372 732
9 916
228 778
809 21
142 421
101 809
50 273
463 170
806 589
816 845
699 408
783 48
696 38
800 796
114 60
196 830
525 232
447 639
384 462
351 212
852 450
350 995
523 967
967 322
906 158
259 417
727 672
698 267
297 664
432 365
588 278
296 120
757 371
765 877
87 965
311 714
968 953
394 810
371 793
810 925
576 380
196 65
820 553
545 189
340 589
809 504
14 781
94 113
332 733
449 946
118 78
475 487
705 629
362 685
374 349
483 9
394 779
892 676
961 90
239 513
107 565
178 358
764 375
458 153
49 435
995 106
333 935
615 460
82 946
562 171
955 536
805 478
532 713
294 853
832 857
548 783
440 396
157 525
49 809
295 550
832 239
254 874
75 136
956 406
367 46
781 613
933 843
298 313
925 744
337 13
441 783
660 136
211 522
380 68
897 724
115 167
530 108
663 119
940 5
639 761
697 61
502 852
905 876
64 402
243 897
651 522
142 350
115 982
383 186
820 717
888 51
911 896
201 1000
480 18
1 699
722 681
514 966
71 699
649 241
226 360
688 309
997 442
286 390
703 602
196 266
938 555
137 285
105 278
947 649
411 989
967 729
362 218
67 468
281 44
831 584
349 711
36 727
878 586
59 246
266 561
724 415
770 717
345 437
923 919
53 615
448 755
528 841
638 754
418 696
688 220
733 108
591 567
113 108
100 938
388 702
434 909
814 499
509 64
799 42
457 677
854 794
181 550
354 436
357 771
97 892
902 343
281 21
958 360
698 445
13 659
946 42
885 343
240 458
370 737
207 260
566 333
611 972
143 787
561 312
850 667
83 909
904 648
265 181
346 789
114 262
377 679
797 967
196 877
708 166
589 430
306 716
932 180
772 582
642 924
612 879
555 375
326 421
885 729
340 103
259 459
16 738
591 431
626 224
992 237
543 145
538 438
725 71
915 487
272 97
162 50
105 250
657 308
346 490
103 713
949 334
16 142
89 847
499 1000
587 727
64 601
11 982
317 108
477 101
105 56
28 925
257 466
174 471
708 476
907 478
9 395
432 71
451 243
534 657
312 90
341 662
580 598
151 246
471 384
458 325
728 768
14 308
74 125
43 338
551 617
344 427
321 504
311 670
442 394
791 191
441 344
125 337
168 491
225 32
87 437
407 576
350 999
25 257
808 579
132 915
173 415
256 160
911 480
81 217
619 17
138 264
763 529
87 987
120 710
614 253
936 665
919 522
116 116
703 752
384 238
753 69
909 306
515 7
403 126
707 946
504 544
144 336
839 340
368 163
227 873
133 364
37 336
438 136
781 274
818 529
630 885
188 658
959 521
965 346
794 491
510 613
373 91
203 121
775 970
399 995
638 289
218 778
301 111
520 37
413 233
960 299
581 264
320 594
725 280
464 962
47 171
117 945
297 761
839 230
884 800
228 207
437 229
912 202
849 964
784 398
736 279
698 312
910 196
467 554
544 871
878 616
56 316
168 594
889 755
31 502
402 702
274 114
748 879
275 408
689 871
906 31
362 390
444 512
680 623
404 292
190 775
692 185
898 42
359 542
956 947
555 464
141 617
769 959
635 174
679 486
418 424
962 267
874 846
263 930
982 393
297 946
319 498
787 726
849 241
589 183
437 306
365 966
143 135
180 965
727 861
812 543
552 50
346 898
520 801
939 61
235 998
903 83
138 144
47 188
359 933
761 972
168 583
883 646
875 791
999 934
88 402
874 346
699 782
812 262
172 179
414 809
877 660
173 661
145 274
950 777
309 232
783 617
983 884
944 515
865 480
300 762
789 838
293 475
15 250
499 640
378 28
932 924
229 736
955 253
420 733
1000 943
222 373
894 856
244 591
301 741
571 315
257 723
829 894
137 330
533 428
846 488
664 38
398 329
852 237
216 380
706 112
483 779
7 937
494 95
764 531
909 99
251 150
862 802
314 291
521 917
338 819
686 617
48 600
150 922
57 130
623 984
421 308
831 812
827 165
273 966
277 301
264 661
206 716
774 515
561 462
932 177
144 79
322 133
238 952
106 476
676 473
447 990
73 406
674 83
356 393
900 498
999 624
91 22
754 750
259 756
887 664
423 32
933 289
443 241
375 574
281 799
865 687
819 95
799 367
540 263
357 159
536 369
605 871
254 380
846 131
416 979
826 286
831 911
507 649
172 718
506 888
17 816
968 727
7 878
624 459
722 277
869 767
977 630
270 607
97 201
863 978
862 33
121 653
307 436
933 102
554 718
107 135
482 985
558 132
839 584
654 499
642 684
601 257
502 182
429 28
450 546
655 374
169 700
378 261
754 859
266 845
252 501
543 135
965 569
380 128
715 970
462 713
816 565
504 600
844 348
921 646
162 22
180 583
615 964
694 449
486 378
570 877
234 733
827 208
89 37
697 280
494 483
359 15
659 976
10 75
923 446
114 108
485 796
667 661
651 432
161 424
679 475
780 590
368 536
367 275
967 464
683 45
26 910
934 100
250 318
311 375
777 451
688 100
349 890
67 552
852 124
499 715
812 596
838 719
325 892
85 668
724 806
729 126
216 178
541 201
81 909
349 778
775 770
87 913
976 500
960 377
728 792
693 346
877 528
737 206
123 890
981 741
560 15
694 99
77 71
142 59
152 232
638 250
166 352
337 813
54 686
69 918
171 473
655 795
820 279
266 70
597 404
138 312
624 511
317 775
510 538
672 596
463 367
83 331
799 528
148 685
286 19
470 467
991 633
842 975
653 103
172 133
817 406
113 32
940 278
267 633
983 2
417 20
224 788
682 603
713 873
374 441
450 578
604 430
830 572
807 176
322 565
128 819
935 995
608 713
884 34
989 115
74 399
576 35
294 199
779 651
883 353
760 625
944 585
686 363
471 681
44 784
260 767
347 696
424 183
888 12
721 83
181 644
997 545
287 26
385 491
834 379
412 86
402 150
44 482
68 937
496 315
495 866
102 754
201 525
828 41
395 274
990 141
753 327
370 83
507 611
363 849
958 855
732 241
272 479
723 836
211 891
347 480
446 872
304 158
820 226
612 318
354 227
681 600
683 44
415 165
532 315
558 136
4 194
956 568
985 435
315 908
590 728
53 658
975 156
85 869
547 392
586 430
939 464
553 70
599 747
415 61
988 782
536 874
795 261
555 774
35 996
224 641
146 495
149 807
928 976
277 143
471 25
152 638
462 166
575 706
734 643
327 721
563 773
223 858
390 276
662 875
878 253
517 917
547 529
567 889
889 412
448 1000
990 186
913 31
854 371
701 659
509 578
997 352
75 203
51 839
372 62
96 770
853 728
736 129
158 487
490 340
702 157
150 212
234 994
818 132
659 666
287 661
837 606
243 238
736 400
308 421
591 999
53 570
598 117
296 529
729 700
244 835
314 971
650 515
41 598
131 291
175 379
488 95
677 306
913 579
172 297
315 198
975 728
472 294
312 166
62 870
639 551
895 449
594 204
38 659
662 828
962 508
615 924
472 339
916 538
718 809
375 886
74 439
271 75
242 8
156 83
24 308
861 112
929 553
658 211
271 81
197 896
373 314
985 843
856 456
509 21
882 410
353 527
960 285
737 415
231 380
63 647
407 185
11 450
114 405
441 882
543 575
289 843
982 1
576 743
599 679
901 172
802 814
249 709
609 567
402 573
492 644
191 970
694 52
819 212
930 479
56 327
154 829
38 652
449 322
90 152
596 247
516 728
668 299
500 96
181 673
631 742
897 753
352 563
463 788
568 357
710 837
855 777
514 731
393 137
252 838
513 595
799 78
887 982
459 682
901 941
85 341
416 113
894 503
203 554
245 788
877 193
755 413
216 339
123 144
973 339
353 693
556 268
309 928
644 24
627 699
30 530
730 397
28 957
436 51
398 645
246 852
197 802
673 515
396 25
337 381
673 911
292 106
112 697
148 995
976 293
850 709
382 794
711 817
570 325
218 431
191 786
180 358
880 975
100 94
354 422
432 69
902 683
445 811
339 192
814 116
70 122
722 271
310 174
580 226
43 699
290 918
759 957
592 531
662 809
401 447
75 731
365 992
92 667
223 906
533 1
419 143
743 863
406 705
957 619
100 971
793 20
871 787
440 846
177 899
432 543
896 396
173 488
359 280
847 197
611 710
421 279
39 438
659 588
381 475
326 546
663 772
431 789
172 811
291 785
587 558
464 333
928 211
552 808
938 102
411 148
618 131
944 676
157 384
213 109
845 421
140 167
752 769
114 107
35 508
317 873
948 916
381 353
508 400
643 845
16 367
619 831
910 326
110 478
33 348
879 234
256 935
663 181
546 318
409 356
137 119
95 394
632 73
256 993
370 399
627 193
753 191
331 951
251 103
790 183
493 5
539 864
581 860
595 747
207 528
346 466
307 311
458 463
455 391
846 141
931 280
153 615
600 653
286 267
484 993
331 575
462 970
656 479
576 671
254 271
634 239
244 798
831 618
556 817
428 588
864 336
907 738
438 382
88 347
578 487
548 617
794 702
215 515
269 248
426 705
9 65
944 85
820 980
141 173
852 447
693 173
760 830
456 278
796 258
71 498
326 213
277 961
877 343
1 908
236 317
613 312
670 130
451 179
700 407
498 913
281 626
561 613
283 662
444 836
190 153
885 730
999 280
939 317
365 795
618 355
715 397
705 427
120 664
900 723
656 741
480 57
999 731
406 787
250 209
425 121
923 772
973 619
914 340
814 225
845 245
12 393
140 675
852 908
527 491
290 976
352 489
140 779
931 434
883 333
543 688
185 591
10 764
883 781
843 372
560 15
699 599
575 25
148 161
827 301
552 982
46 806
32 34
929 70
724 6
568 683
798 692
727 843
263 518
892 959
597 776
142 301
680 936
192 219
959 711
804 447
43 663
666 252
590 851
418 281
863 119
341 147
410 418
406 755
908 484
374 459
90 253
191 856
624 564
408 634
361 790
220 575
847 201
977 204
749 546
648 819
892 215
579 306
302 266
59 774
132 894
435 319
306 307
829 364
997 396
456 948
189 752
403 279
231 258
451 686
15 470
631 721
231 55
562 806
267 676
906 664
777 215
534 675
262 311
425 895
907 748
791 785
532 668
71 984
204 502
382 124
618 500
325 109
379 798
521 776
751 653
22 91
806 524
850 206
943 184
779 74
656 989
637 936
173 853
496 560
183 575
711 614
862 148
99 569
738 716
260 721
710 714
681 91
263 10
48 996
488 451
598 29
114 89
600 251
966 668
771 564
648 254
518 677
333 440
72 236
910 663
999 184
357 812
777 395
637 286
700 587
329 657
550 444
806 922
767 904
905 978
541 720
734 422
625 134
86 709
547 297
843 778
848 358
252 774
493 598
370 484
919 648
297 847
693 194
852 343
362 44
234 15
689 941
518 98
236 992
463 277
77 926
320 747
499 899
257 98
737 907
484 52
591 734
102 59
461 348
280 864
545 222
463 929
21 768
476 609
462 338
717 111
984 814
842 497
949 635
729 314
942 31
721 35
817 847
110 737
691 312
209 420
409 510
451 516
374 913
101 594
831 709
873 481
333 700
472 598
166 862
103 541
403 192
400 584
355 79
26 296
341 324
483 640
841 260
729 483
170 127
319 300
807 639
828 130
296 147
177 595
674 270
830 285
333 358
467 446
547 637
108 50
585 888
121 917
284 567
127 446
239 955
645 869
777 650
169 257
399 869
625 577
486 765
781 364
977 110
356 903
587 476
557 995
631 907
342 241
844 861
853 256
293 357
705 608
661 873
225 484
656 833
393 824
257 297
11 820
888 870
214 213
159 912
992 59
499 845
340 453
936 582
18 604
912 614
497 661
796 868
89 642
457 804
897 258
869 947
779 553
204 396
46 389
385 775
574 974
414 134
300 992
919 289
387 96
806 38
94 898
717 953
7 73
315 455
519 450
53 123
408 316
483 776
758 637
29 868
586 519
367 86
318 211
349 194
191 870
136 941
679 536
162 258
17 713
678 191
423 754
402 74
850 470
639 675
853 261
838 477
337 968
694 853
218 126
360 725
72 196
561 623
635 226
763 846
63 418
251 107
100 492
399 624
654 964
418 533
441 891
414 795
447 606
335 874
4 412
289 602
939 18
27 523
45 168
101 948
950 463
589 226
816 583
932 356
279 841
78 274
492 842
557 736
380 412
427 435
540 396
972 929
208 381
715 263
327 334
140 721
14 887
330 174
726 738
820 235
598 526
940 847
800 992
744 112
153 671
596 741
348 657
596 518
730 898
981 82
515 681
462 368
417 658
294 126
111 981
147 934
621 71
429 122
261 853
573 724
53 410
250 327
983 647
981 29
826 415
167 307
700 221
240 487
9 682
335 183
45 195
810 157
151 782
50 168
707 454
730 238
929 589
421 253
160 337
786 610
984 340
273 750
393 287
163 683
108 548
506 603
768 743
59 196
573 673
912 754
680 805
717 786
394 350
852 610
481 468
662 143
543 124
995 471
481 781
790 35
135 775
649 828
382 298
191 103
529 864
265 534
806 544
348 403
239 501
452 416
129 211
873 778
356 369
807 702
134 247
457 518
103 341
937 66
143 873
385 442
215 580
779 57
481 880
280 186
22 972
418 157
896 719
485 765
772 369
996 872
22 168
289 906
905 68
967 138
292 987
994 876
530 113
251 417
321 994
377 724
723 934
75 911
306 212
374 879
108 128
663 28
929 888
131 208
685 817
211 350
387 904
86 18
491 887
616 10
851 610
703 731
699 144
235 527
627 86
483 538
724 145
742 616
373 374
968 743
788 453
474 781
608 93
405 788
10 198
966 552
673 212
265 384
57 137
688 540
272 146
751 916
98 874
106 220
743 231
694 827
92 519
184 838
63 775
875 366
485 240
381 401
271 778
86 219
801 310
206 126
406 804
164 155
440 118
141 864
427 767
26 481
110 6
200 27
771 271
787 771
784 187
655 974
580 781
158 454
560 792
891 181
210 139
424 306
160 219
550 859
28 695
639 50
159 515
74 220
168 916
943 340
879 639
108 214
133 257
84 751
566 364
707 481
132 446
176 313
394 74
398 249
17 79
87 544
515 919
626 558
865 959
418 449
638 33
27 797
264 267
477 370
604 625
947 587
104 979
126 269
421 468
337 541
164 736
656 295
621 539
913 125
641 502
158 216
754 137
462 474
7 361
775 894
168 529
704 474
263 224
412 598
109 782
731 213
860 92
99 253
261 702
617 499
435 6
22 949
635 956
642 27
384 951
589 468
155 617
112 520
454 193
662 376
533 791
805 801
967 69
899 756
395 433
728 418
60 235
454 436
445 382
138 484
945 423
772 599
398 494
921 512
656 955
572 879
382 782
4 695
212 985
619 672
920 595
205 594
124 442
229 498
326 254
789 832
105 115
597 408
632 443
445 659
333 248
961 533
251 839
286 377
505 985
701 354
919 984
225 804
443 473
292 730
902 796
184 480
372 864
733 439
896 72
741 392
87 840
833 500
831 746
601 970
675 304
81 567
530 762
765 907
390 840
876 193
459 453
19 505
195 705
307 196
882 69
235 665
579 241
78 967
281 570
595 11
220 900
625 73
516 40
691 150
229 583
223 430
860 799
40 83
131 784
901 986
842 776
879 187
723 300
668 693
462 926
708 790
121 171
158 48
137 450
513 726
221 513
631 345
57 827
278 928
129 993
238 100
977 936
224 511
241 903
62 21
86 485
918 314
408 165
772 275
702 905
76 921
709 803
818 441
916 333
620 686
242 560
55 2
416 445
898 865
882 226
153 395
504 337
680 471
448 734
876 256
202 157
31 798
801 285
439 234
768 313
861 690
385 538
42 654
999 55
759 433
992 508
262 683
637 142
350 366
101 156
714 689
345 261
342 518
769 861
724 493
45 843
304 27
633 511
265 402
978 500
7 908
129 287
875 395
621 910
300 292
23 654
95 867
958 289
491 265
709 759
122 257
590 436
152 12
660 443
600 197
263 463
28 864
605 689
510 358
978 385
467 34
765 655
315 939
663 27
565 160
52 368
1000 982
698 236
326 516
247 97
826 715
588 802
181 154
81 626
593 572
857 611
54 741
657 670
664 795
312 423
130 413
798 476
893 119
789 538
50 500
654 217
762 852
680 646
658 679
634 262
803 682
958 915
383 76
902 913
351 171
632 623
536 829
318 930
912 200
772 228
364 936
456 970
874 141
626 440
67 531
666 362
103 362
366 993
462 374
448 346
904 66
949 574
798 682
886 820
749 29
788 12
253 901
309 412
930 446
162 604
531 176
908 288
681 126
96 993
344 153
709 823
878 101
23 686
775 58
447 698
182 460
277 970
287 105
131 537
568 45
177 539
687 41
555 980
835 364
712 724
729 283
909 159
780 451
573 609
393 267
713 762
952 263
307 587
945 62
173 311
9 189
926 508
672 523
779 115
886 414
278 418
845 305
992 969
826 884
667 940
736 929
540 899
307 452
890 655
984 262
644 539
306 754
274 203
163 329
830 529
882 165
537 214
358 125
748 581
31 618
601 157
773 305
313 512
305 212
82 929
938 679
607 735
137 166
151 536
192 264
936 426
504 459
904 561
388 655
548 610
641 419
158 936
294 66
280 23
385 806
509 699
241 159
785 803
150 607
118 176
383 854
799 465
390 637
742 833
135 997
634 555
354 494
258 275
225 357
750 462
320 909
773 697
592 696
344 308
839 595
238 393
41 804
855 392
630 61
85 578
50 444
56 173
366 656
213 263
126 540
928 28
968 115
187 141
421 669
673 307
58 19
549 846
247 593
798 309
327 699
251 334
281 328
556 301
83 820
302 488
247 539
110 883
923 902
516 362
551 899
312 248
102 414
556 719
576 517
242 49
915 847
425 216
81 950
766 191
217 513
108 932
258 766
754 879
18 276
100 20
472 899
623 412
262 280
293 572
992 942
699 793
571 7
530 611
150 204
773 552
735 852
18 643
477 440
207 786
46 974
640 756
990 723
577 837
627 447
579 95
709 788
623 161
71 485
574 98
355 687
811 56
656 964
283 478
616 632
886 374
33 17
209 92
321 927
393 875
956 682
745 495
243 721
944 824
57 208
905 340
182 727
711 317
518 178
242 423
884 951
951 335
867 183
259 628
85 907
509 492
561 76
736 66
264 688
185 607
12 147
562 254
186 595
997 253
715 150
838 340
163 519
633 551
924 853
943 34
520 948
860 498
249 96
715 96
379 398
871 180
583 726
595 82
457 223
395 276
3 353
498 78
559 631
467 752
309 301
944 835
61 738
81 544
934 27
564 706
946 878
410 888
174 796
452 258
330 639
541 406
989 411
511 133
930 626
147 112
352 524
948 723
887 813
117 123
928 155
366 381
258 99
885 675
869 180
359 514
910 786
129 85
128 941
915 679
347 495
307 988
243 933
818 661
309 701
922 728
993 840
969 518
770 222
429 308
867 738
252 478
477 362
502 90
764 436
926 736
945 965
850 983
454 375
987 2
563 262
907 784
480 516
613 218
1 492
929 579
702 302
886 582
866 612
342 393
645 517
691 207
837 346
498 100
220 439
97 463
74 78
41 940
41 183
768 2
621 459
300 82
457 186
951 669
542 503
301 366
937 992
421 120
81 458
243 486
881 370
515 631
743 949
56 615
980 895
372 336
309 666
818 219
134 639
504 553
29 847
305 426
880 165
589 539
903 861
156 246
235 837
506 395
470 53
635 166
617 813
923 49
792 502
492 816
512 186
127 883
205 308
439 52
287 880
485 549
923 574
867 37
171 947
568 232
662 688
875 777
806 927
57 254
845 736
770 94
781 845
507 609
626 949
130 531
540 379
535 166
889 311
403 395
615 198
827 940
420 115
399 215
518 887
135 983
124 344
749 212
30 669
29 702
184 851
19 839
569 428
876 799
660 193
441 582
112 411
105 410
592 632
267 372
953 353
769 417
547 393
26 247
142 721
334 942
509 85
421 824
198 259
255 640
836 789
552 236
287 682
37 501
216 920
495 885
847 703
152 695
72 831
150 927
628 218
714 447
900 630
858 217
343 829
158 115
666 802
885 730
153 495
846 396
96 202
22 137
696 892
215 283
890 816
307 629
987 293
669 328
592 834
861 872
499 89
822 608
154 469
664 400
379 866
601 18
113 972
804 428
104 403
14 445
143 567
168 810
937 210
81 869
919 332
590 618
476 605
598 854
610 868
668 505
826 879
456 663
741 474
987 133
705 704
521 287
315 477
395 674
979 783
976 439
877 849
806 698
493 920
131 130
769 183
486 883
542 179
639 144
391 33
23 644
464 677
844 159
247 662
227 86
160 831
845 599
434 474
191 283
844 140
772 666
630 362
442 342
106 763
974 613
922 720
359 900
653 180
123 560
994 433
619 67
453 683
540 716
653 334
975 369
594 265
324 609
870 903
336 837
701 822
87 708
107 800
606 318
312 734
439 254
732 51
852 250
933 405
668 341
899 263
275 944
158 225
877 751
400 592
669 12
889 81
803 89
756 21
380 367
70 125
406 177
873 6
644 807
161 35
875 542
513 397
754 32
598 70
710 798
661 996
763 805
696 758
339 34
11 387
372 472
636 941
844 591
963 708
489 844
706 981
513 166
209 938
489 824
855 349
151 437
589 299
806 124
485 846
719 183
447 430
214 388
540 324
990 852
889 541
164 278
548 454
251 639
666 467
984 189
467 471
23 674
345 153
717 24
837 53
411 737
462 18
668 616
786 542
446 529
165 746
547 813
413 548
986 5
817 23
247 465
337 756
390 512
847 739
363 977
413 213
345 690
272 371
61 734
32 108
645 675
612 834
516 232
786 905
564 199
861 509
237 715
139 267
510 101
548 553
204 549
930 687
87 716
298 609
373 760
118 494
774 739
839 872
409 182
792 53
550 412
24 569
323 647
425 402
320 764
124 856
684 340
229 655
191 317
251 820
417 547
506 852
300 342
616 605
367 146
475 982
463 964
55 505
667 606
972 581
29 552
246 237
134 484
594 914
326 731
796 151
171 479
916 218
771 701
574 479
819 257
294 131
129 308
375 322
69 621
441 842
487 408
120 713
934 979
35 691
739 729
15 687
38 907
266 679
789 843
763 751
251 249
629 323
956 142
731 549
880 461
965 767
481 418
423 104
821 769
455 203
834 863
639 24
208 948
295 477
657 47
371 812
197 142
163 194
398 465
59 443
536 969
789 773
406 218
652 861
750 617
913 140
45 746
364 327
104 760
260 263
94 979
782 946
259 603
58 171
27 47
15 369
999 13
133 521
133 268
837 500
615 421
536 444
503 10
388 877
692 529
849 371
252 621
688 113
998 167
537 130
53 719
462 560
990 557
73 872
134 878
95 236
803 855
250 860
852 529
659 996
987 552
315 325
917 807
883 851
550 591
762 132
322 223
259 380
179 888
592 872
888 261
681 122
251 510
857 742
215 141
127 363
675 629
368 767
511 448
465 623
683 817
365 294
165 975
317 320
380 773
856 939
983 187
360 600
69 584
376 33
972 549
979 64
957 795
209 155
58 637
879 817
647 465
844 344
222 703
89 430
241 49
412 232
894 659
517 271
312 312
883 492
253 43
908 805
824 653
724 984
479 10
347 695
770 47
187 837
174 127
266 688
561 777
421 281
675 957
942 878
490 579
83 97
801 886
223 114
450 574
122 320
139 989
376 83
725 626
762 342
286 726
962 710
205 957
580 814
200 654
657 826
555 650
305 381
680 266
961 243
411 805
748 309
579 397
588 991
603 874
834 800
954 99
968 85
240 398
866 987
834 674
161 840
100 370
52 635
842 530
384 84
676 76
15 677
909 550
463 508
853 596
433 597
165 377
472 449
712 564
417 183
11 691
338 14
398 285
457 863
619 865
660 839
808 51
472 78
877 135
518 530
605 371
769 982
504 944
918 692
693 551
16 913
100 43
454 381
974 644
352 425
923 664
545 865
627 841
475 618
622 893
423 490
688 958
669 127
66 902
865 75
706 652
241 242
830 486
484 328
193 357
496 524
490 703
54 946
762 813
795 630
433 542
662 407
345 786
584 358
284 266
850 80
972 420
797 31
63 178
600 732
777 217
432 246
499 996
546 450
916 207
478 767
443 262
715 729
198 798
184 825
598 827
99 762
246 220
819 560
562 821
987 705
969 754
970 339
15 817
379 833
5 675
474 545
89 23
579 235
425 484
259 797
741 242
63 764
343 41
614 788
961 10
529 305
999 955
173 599
111 856
61 11
715 700
39 940
592 646
65 440
198 725
385 191
938 835
389 11
137 256
774 995
667 349
300 582
136 942
451 289
935 835
567 822
220 959
918 572
365 480
35 510
93 106
268 463
429 455
65 752
411 457
22 690
54 798
888 895
293 116
325 660
461 727
255 328
991 108
346 602
987 646
187 338
675 399
794 238
857 797
55 240
893 47
825 67
538 480
448 209
166 564
499 71
657 528
160 237
572 229
351 909
457 205
100 138
951 936
373 678
155 267
504 622
653 926
612 373
769 948
165 484
163 756
5 51
126 891
481 534
930 7
283 984
212 964
169 978
983 918
201 866
553 643
563 276
612 202
592 238
692 234
224 687
72 778
443 363
422 686
524 781
494 73
531 454
916 473
623 415
95 724
743 662
72 924
875 594
104 327
284 975
366 431
147 981
217 365
564 839
427 637
813 694
67 339
617 819
885 502
207 172
151 850
377 693
706 21
423 68
464 693
370 752
224 472
890 163
20 815
285 65
828 756
238 558
256 190
166 886
25 689
527 295
569 417
477 582
139 684
707 969
732 90
724 709
740 579
413 771
871 443
529 211
428 511
688 857
265 545
860 874
172 795
566 569
766 999
473 218
942 86
173 223
536 213
444 497
74 754
524 929
809 33
52 17
423 656
494 977
738 647
148 535
706 872
744 756
822 687
864 357
914 495
821 661
90 328
628 846
696 613
56 126
164 667
590 40
642 233
610 253
592 568
737 662
642 484
108 753
553 890
142 118
479 134
739 917
5 38
980 118
689 862
436 27
488 242
940 929
114 361
499 78
335 33
590 626
441 377
546 596
589 575
536 679
445 374
194 521
762 434
868 296
626 300
888 538
378 741
927 500
329 209
74 198
931 665
495 88
663 867
792 908
933 65
118 473
271 181
278 288
75 297
1 678
789 476
721 573
509 896
627 426
323 320
245 469
374 816
624 475
377 654
693 214
655 9
530 796
155 237
7 326
788 132
552 746
709 340
663 360
88 197
350 250
157 356
931 289
964 47
562 342
785 743
715 508
622 975
456 591
260 516
47 318
351 171
209 922
72 228
589 395
425 564
972 644
655 107
514 729
564 998
759 5
350 4
642 808
931 11
260 835
276 738
548 797
501 534
245 785
271 458
827 700
557 972
137 974
996 592
179 561
656 527
58 306
806 74
498 890
732 328
319 901
360 505
430 681
403 574
623 855
549 819
582 926
933 450
742 221
988 458
878 542
638 872
616 726
448 716
509 438
554 293
766 278
46 181
202 940
468 331
13 944
997 151
848 469
113 542
973 762
723 923
115 704
986 965
860 401
816 573
653 427
254 125
584 866
227 271
704 657
900 457
352 381
243 796
39 617
777 641
10 18
985 783
782 765
435 585
623 914
372 86
597 301
416 664
110 503
820 479
844 698
677 200
659 441
124 733
667 68
628 302
501 813
443 394
953 297
460 688
633 43
647 380
653 541
520 505
16 79
825 562
90 487
788 283
825 524
350 564
143 937
197 115
628 931
438 981
754 519
261 804
326 555
390 326
454 525
379 66
288 366
525 133
562 222
116 85
106 466
616 949
758 756
793 355
370 968
74 659
601 2
934 955
624 32
869 684
662 694
234 427
114 191
836 429
750 338
44 992
336 61
129 261
609 185
433 569
327 933
764 211
540 558
480 744
38 887
181 103
831 115
413 262
263 694
484 183
627 215
498 794
104 884
833 171
574 67
349 634
424 14
235 63
471 480
572 671
500 160
775 96
960 26
993 770
498 68
110 165
787 797
404 808
513 28
202 394
474 675
891 528
416 916
982 132
587 165
272 23
566 260
599 388
59 7
418 686
184 179
820 915
905 933
91 294
541 309
137 102
591 140
122 38
545 913
946 528
295 905
891 278
127 153
170 730
689 95
706 832
140 618
398 787
607 120
768 440
880 76
497 442
428 156
253 351
811 677
867 175
968 362
507 53
716 504
506 838
21 191
598 582
382 826
90 181
618 594
876 628
868 781
223 409
681 574
367 684
680 918
945 824
399 409
244 947
530 864
160 933
600 654
889 942
975 642
810 866
392 25
242 538
641 55
345 645
662 418
930 167
439 845
145 763
761 94
995 57
445 870
924 170
252 400
243 735
756 467
406 167
413 817
30 25
765 39
721 287
468 911
105 951
286 839
308 252
423 503
451 589
314 612
672 504
189 869
405 661
836 969
820 148
926 306
27 249
622 854
482 314
16 806
486 808
670 918
148 949
617 692
722 282
555 531
965 317
427 362
489 951
491 794
117 783
732 720
526 47
640 50
838 222
916 662
78 434
331 223
228 903
642 786
501 542
599 348
788 841
226 848
173 716
262 197
198 233
838 521
856 643
35 665
128 744
372 649
510 899
9 866
234 838
294 583
290 848
955 893
458 76
126 479
232 68
935 830
351 116
644 749
995 291
890 698
566 218
136 808
972 643
304 155
296 814
483 886
762 637
282 3
75 852
633 125
610 29
874 766
881 911
851 896
230 668
326 122
912 702
580 342
477 675
539 65
289 222
195 720
59 472
55 822
644 722
695 30
389 46
310 791
945 445
484 830
781 182
582 947
739 816
138 206
188 415
235 407
123 939
966 592
686 972
359 370
711 954
93 344
131 610
938 113
821 259
1 262
832 424
655 818
245 864
258 602
744 388
267 199
972 33
3 71
523 972
84 17
308 341
646 658
289 94
499 352
524 756
975 546
278 949
398 580
662 500
659 707
119 975
555 245
242 9
374 30
67 956
958 96
795 186
503 484
230 894
534 933
655 408
720 869
858 605
401 379
289 824
108 231
911 352
805 818
180 700
192 857
589 537
443 903
119 504
410 721
964 785
259 980
739 403
613 550
495 613
102 930
671 387
410 835
57 779
348 574
599 931
891 710
916 725
170 233
182 516
217 763
352 803
662 857
896 582
79 472
985 967
470 128
432 790
311 344
66 387
135 930
580 746
83 57
740 40
353 50
222 24
218 661
481 188
158 382
793 658
7 697
989 555
636 692
471 86
777 936
901 355
87 919
318 420
320 725
409 747
557 325
550 925
435 210
891 691
471 89
406 607
710 277
329 830
331 444
736 238
3 703
563 73
730 919
394 132
115 814
38 293
472 329
174 651
164 917
12 658
799 626
811 327
968 758
164 688
959 406
129 555
397 774
273 396
612 495
526 579
518 338
885 576
422 4
542 789
814 592
846 574
330 291
705 77
795 357
108 87
999 141
812 549
610 532
117 841
520 951
118 906
510 677
382 215
267 815
329 918
760 275
342 621
974 424
263 437
712 21
126 851
30 108
218 66
165 139
596 28
338 348
587 583
956 461
502 269
201 482
873 992
704 160
916 987
804 503
731 763
937 218
471 285
514 95
174 68
229 213
185 381
891 603
221 764
591 656
253 409
294 163
759 457
158 83
967 692
749 962
964 46
280 971
606 792
358 127
500 669
237 15
95 845
10 518
932 136
383 332
219 179
744 924
952 878
502 741
625 887
522 675
983 710
541 301
20 259
234 26
227 673
281 111
339 868
196 410
108 583
567 16
234 701
604 723
872 335
639 452
890 260
274 947
72 655
802 865
508 818
745 532
159 736
700 773
700 455
684 447
935 138
93 10
441 312
847 35
13 147
875 578
616 696
171 278
74 888
725 881
578 207
778 385
36 553
27 819
80 693
935 478
851 471
471 317
295 373
371 8
828 788
420 132
402 23
835 41
861 259
410 637
222 392
936 80
611 405
434 489
383 654
290 794
505 945
740 290
192 679
823 361
872 473
62 115
514 504
482 925
698 671
929 856
24 21
658 490
284 596
504 624
253 388
546 367
311 656
996 459
699 961
777 965
600 828
8 234
749 689
749 320
612 293
593 861
312 259
817 615
228 566
666 15
101 812
728 448
644 492
993 68
693 304
235 988
47 569
942 870
561 305
821 668
33 96
887 464
673 599
903 336
280 944
922 945
54 11
747 159
420 806
368 777
555 490
314 34
960 253
731 537
457 88
942 916
222 269
920 657
502 397
544 396
344 217
106 378
84 984
259 931
325 17
923 489
973 997
477 52
464 432
784 89
432 427
440 577
322 780
313 97
439 238
644 239
628 918
870 162
65 935
549 314
407 136
29 274
585 756
63 757
541 826
749 9
776 754
886 234
241 911
246 828
471 200
769 876
675 510
127 882
440 903
12 612
294 465
106 934
188 98
938 848
515 566
950 602
661 89
281 714
132 565
261 125
409 135
455 913
879 937
335 638
815 420
966 999
486 843
627 907
471 870
594 905
194 473
543 464
503 370
11 29
883 418
647 134
409 828
869 963
941 110
527 766
913 273
806 275
12 368
554 457
995 357
180 662
590 397
823 29
684 757
91 788
714 275
749 587
484 470
910 135
117 41
689 260
914 617
867 804
623 724
2 635
424 411
122 88
32 933
856 379
196 106
81 631
231 675
38 765
690 730
530 823
866 781
234 381
114 376
504 553
819 523
139 605
708 513
538 832
622 728
445 991
574 50
122 936
343 2
731 150
438 127
774 291
801 851
190 365
438 308
838 579
346 613
11 851
799 588
830 756
300 355
782 858
605 379
312 367
746 246
583 677
549 898
335 350
885 1
46 877
842 326
863 495
109 136
577 51
504 763
314 308
275 148
982 634
503 561
22 429
616 790
12 855
984 930
921 960
499 752
335 101
761 267
77 634
313 281
558 833
617 121
753 628
307 128
802 363
322 669
102 33
781 304
865 698
710 144
222 308
189 355
877 755
584 359
838 33
26 283
684 944
638 646
117 111
533 608
524 629
47 352
968 990
461 402
656 46
326 736
181 544
786 713
842 971
455 263
558 687
415 904
616 890
130 795
877 193
931 108
135 974
976 697
476 875
656 764
853 452
422 176
89 712
643 39
964 901
906 317
535 752
977 141
584 171
573 47
657 70
485 418
987 993
324 958
334 177
269 374
643 874
498 236
755 441
533 887
822 653
553 663
909 542
953 547
14 714
490 880
864 779
679 860
731 868
520 361
45 824
78 567
473 929
362 882
656 363
730 906
635 816
91 171
158 125
322 741
455 130
471 65
27 932
998 872
203 732
44 634
320 861
260 485
409 165
189 133
424 770
990 453
339 981
917 737
880 653
986 834
437 137
9 174
865 487
132 411
919 511
738 868
466 697
881 380
685 511
303 144
460 728
46 444
306 386
596 424
127 69
404 606
73 314
629 871
544 83
36 539
484 899
528 804
959 946
975 603
862 163
783 190
32 69
806 442
907 421
505 431
783 427
437 436
859 320
149 396
825 652
766 943
53 344
353 46
776 423
377 925
220 489
996 366
352 612
789 247
125 926
748 915
646 199
315 564
960 264
696 390
615 741
764 459
96 850
353 159
447 245
823 82
494 905
137 348
84 66
676 311
212 629
80 696
854 729
884 453
45 643
323 232
173 680
536 755
566 46
756 546
310 723
381 2
235 913
220 433
968 700
95 696
908 911
692 457
159 299
866 977
235 950
806 865
493 6
309 472
138 232
104 909
682 120
785 820
252 899
334 997
328 581
687 209
182 362
923 300
674 261
986 696
981 802
991 169
897 286
158 114
308 799
384 442
623 824
734 831
815 220
607 23
289 292
947 389
460 620
80 522
863 156
340 708
729 995
291 979
970 494
670 169
625 938
587 730
466 786
214 496
631 10
35 521
231 489
148 316
497 357
28 478
174 928
867 612
741 879
606 323
968 935
403 854
888 751
585 927
565 28
897 502
525 857
391 841
451 964
202 821
557 825
189 99
181 16
847 358
81 914
269 496
941 669
504 377
919 313
283 88
947 839
348 481
944 20
816 640
204 7
771 927
243 554
629 364
943 627
685 388
903 490
605 28
996 975
329 338
971 382
146 216
358 420
556 357
780 475
27 446
890 210
490 909
558 795
467 687
348 752
425 6
228 825
756 200
79 271
6 160
651 886
739 812
628 495
152 709
693 886
391 928
207 207
371 285
957 881
602 286
642 2
537 730
690 116
48 757
91 258
568 484
373 634
476 326
173 714
370 946
428 109
119 57
334 216
997 310
12 293
982 682
556 24
227 743
882 586
272 631
828 509
729 539
699 667
909 781
668 775
673 713
340 544
712 512
590 410
888 370
949 872
618 309
583 996
467 647
612 477
52 891
920 280
64 790
279 501
358 771
817 927
7 650
145 920
32 83
958 209
343 390
469 133
100 389
919 958
863 532
171 39
545 737
482 610
982 908
339 906
119 786
559 753
710 902
28 652
359 692
503 997
817 311
355 607
239 32
331 392
774 173
215 82
182 949
530 239
740 7
543 939
141 634
929 221
6 687
630 818
81 188
279 409
581 108
776 676
494 561
367 685
796 255
949 716
834 687
645 540
861 898
215 168
327 717
639 386
123 859
122 459
609 236
98 44
282 263
445 759
40 257
876 643
803 577
938 567
348 886
909 37
5 131
274 682
453 26
405 12
557 330
220 376
407 408
979 997
846 880
794 364
966 212
336 829
114 919
470 598
899 792
825 890
629 910
531 97
108 120
65 956
685 508
412 15
532 854
17 866
55 720
333 320
869 286
277 12
96 183
914 293
646 147
177 837
528 555
793 416
718 404
135 375
458 592
300 763
264 23
882 25
76 193
619 186
954 976
916 641
129 226
817 656
998 250
713 512
112 503
235 833
907 683
864 187
903 719
466 947
466 850
295 408
608 153
389 523
989 990
718 971
857 271
722 438
856 264
324 175
97 961
235 711
443 680
128 280
359 753
425 700
755 542
121 751
687 22
893 322
411 750
340 575
97 186
523 490
670 165
272 784
432 952
654 721
447 302
22 678
246 613
139 918
891 274
742 201
31 872
349 291
154 438
57 529
286 961
318 520
994 984
999 142
361 695
976 353
286 944
604 669
299 25
504 178
346 414
356 680
109 832
852 760
668 648
524 590
965 783
835 735
951 598
620 752
84 57
46 151
463 557
840 732
12 955
446 156
198 225
35 855
186 891
301 123
237 308
785 777
259 392
172 762
36 186
917 472
868 602
544 398
180 567
324 22
766 845
232 17
126 781
176 711
1000 519
216 534
54 738
644 264
95 101
967 529
534 232
865 821
907 122
865 882
48 491
363 523
196 91
147 584
351 89
221 676
592 797
415 195
799 101
634 866
403 81
790 986
8 778
863 669
152 884
661 482
371 241
946 49
970 833
695 953
605 674
945 65
246 247
448 414
390 211
595 775
688 804
275 860
449 19
293 209
154 628
731 626
19 549
99 386
720 86
696 948
594 206
224 115
50 480
862 639
921 823
355 552
977 17
789 146
663 200
573 118
349 416
244 434
492 840
746 664
224 952
162 979
458 570
361 418
989 247
463 338
422 643
376 675
579 824
24 618
501 589
901 126
385 223
372 565
155 98
895 7
337 683
893 12
735 21
597 370
662 271
6 211
477 506
935 89
816 970
423 172
698 11
995 667
563 33
12 20
359 490
902 231
800 333
699 855
411 225
414 996
679 676
144 624
233 109
91 25
9 61
228 346
944 434
148 723
925 528
910 238
346 45
328 81
295 407
948 969
218 629
355 543
696 163
661 918
576 124
493 786
599 761
296 832
879 687
499 98
26 881
245 889
28 357
531 221
329 727
80 352
614 411
359 970
254 856
995 937
361 213
784 445
1 314
809 395
806 479
959 251
24 362
849 520
207 713
870 857
239 518
874 645
10 902
957 220
886 891
531 931
814 186
36 584
102 196
662 766
975 963
347 793
27 548
964 12
247 213
660 764
927 901
694 265
997 901
832 552
290 946
76 624
512 416
293 570
137 757
407 178
960 184
588 829
82 659
476 588
661 760
61 519
967 939
815 807
465 741
103 69
22 814
721 363
462 701
190 371
492 995
221 611
316 691
94 537
728 499
602 818
355 755
363 457
514 798
556 63
178 862
136 105
898 271
565 464
771 741
699 749
776 183
194 916
172 393
990 867
356 485
590 909
312 282
784 652
106 742
815 125
152 592
648 268
885 979
72 855
822 899
775 215
978 781
384 562
374 460
485 685
885 718
707 913
556 271
681 96
828 437
972 741
315 628
514 8
982 765
473 843
297 74
776 990
509 354
651 254
885 655
830 122
995 583
357 929
78 789
964 774
573 640
132 234
549 642
513 650
461 245
754 334
53 726
948 984
472 123
697 72
103 584
165 647
584 198
76 195
878 724
444 84
824 836
910 144
463 596
517 193
626 845
924 533
154 389
793 410
956 406
606 564
556 96
208 703
128 323
846 428
27 132
90 144
849 122
429 619
375 922
121 999
467 372
949 597
422 642
624 754
736 25
764 19
281 56
129 885
268 80
26 767
846 958
216 705
483 75
672 993
466 216
703 363
252 561
689 478
485 381
797 276
194 582
253 922
461 793
757 638
490 383
176 664
376 564
553 597
137 239
39 845
383 374
361 869
69 648
598 537
538 949
739 729
99 765
317 14
86 898
320 547
896 501
79 324
257 928
908 374
656 242
319 856
319 852
920 40
181 920
458 19
744 29
270 49
852 947
694 380
919 829
676 74
824 866
678 640
381 651
812 646
739 343
698 663
319 433
683 870
857 424
54 220
812 20
534 452
173 530
622 759
807 845
737 928
346 150
390 991
465 558
867 64
494 482
509 949
776 18
277 424
60 890
645 737
636 961
638 876
298 278
321 432
216 793
252 221
363 339
413 417
718 430
802 203
548 118
662 254
431 363
193 838
660 80
83 699
886 839
843 212
15 452
246 276
257 562
100 694
819 745
227 152
667 361
926 230
173 106
606 742
515 922
693 423
782 412
318 924
441 637
459 278
454 12
355 970
489 539
778 492
270 407
561 26
408 996
809 845
470 136
230 217
202 107
144 208
668 873
479 202
128 688
974 363
481 797
307 111
786 519
266 745
621 311
233 59
679 218
481 738
607 209
800 717
149 453
283 509
452 562
894 698
567 1000
815 463
755 247
256 470
513 961
899 467
98 554
848 491
57 384
77 268
481 904
330 745
329 152
157 345
967 295
569 523
87 960
123 965
606 424
612 228
257 720
718 797
474 144
735 889
48 863
50 474
734 6
726 608
688 364
866 98
420 621
701 235
236 803
549 378
483 854
637 434
815 865
163 278
710 962
350 705
903 197
211 86
885 377
977 883
258 825
395 566
931 359
165 434
853 450
259 697
480 512
387 195
510 719
919 205
9 491
557 755
830 645
688 80
638 60
966 570
83 130
574 458
834 117
420 584
787 384
328 631
86 909
891 666
230 562
620 427
192 490
629 983
693 264
240 542
675 959
342 749
761 186
17 752
497 200
535 422
930 25
201 781
662 793
615 186
628 64
659 304
996 560
893 657
142 202
119 847
10 509
883 983
666 41
198 989
122 584
404 819
504 485
404 410
909 919
782 171
516 801
571 226
320 757
187 357
572 109
953 671
998 563
479 742
414 49
229 937
896 506
718 626
309 224
794 269
860 747
314 887
303 180
212 668
730 166
773 260
435 67
923 36
880 988
997 3
505 453
621 688
484 181
402 828
831 202
502 266
998 778
221 496
255 761
597 327
960 69
69 48
779 641
947 656
412 226
876 817
460 330
940 122
971 73
478 378
460 902
685 749
30 885
889 248
635 967
287 75
850 925
277 558
589 825
433 798
695 205
542 263
734 799
729 66
467 248
755 555
787 965
202 143
377 99
44 473
117 288
458 164
297 146
769 955
1 77
543 322
492 777
541 724
43 171
585 211
359 864
491 724
885 826
18 656
243 384
655 730
670 820
338 662
228 591
639 905
730 958
56 528
360 155
1 263
889 920
165 734
958 652
680 879
124 553
835 488
973 141
987 882
978 332
555 221
401 367
570 730
948 159
423 957
182 50
975 681
973 975
737 18
479 832
887 117
210 114
109 615
151 365
541 158
592 781
885 462
133 629
18 442
913 257
862 179
400 234
7 447
974 994
835 647
585 939
730 122
147 877
199 383
257 854
461 321
190 16
435 606
549 171
841 4
944 847
483 479
575 911
431 171
512 851
2 637
943 947
221 698
359 728
116 693
509 935
208 812
56 915
42 426
541 937
70 690
366 36
847 341
32 991
112 219
736 229
390 740
353 45
255 917
208 447
625 178
570 984
775 69
428 39
467 782
456 173
512 140
141 814
414 194
769 274
531 273
859 717
383 602
957 581
498 442
298 726
787 768
509 70
19 647
459 416
23 35
60 300
860 796
16 67
179 698
730 758
373 461
606 816
598 388
714 51
720 139
835 200
220 936
804 111
622 932
648 685
936 423
48 595
897 438
394 188
594 53
188 474
863 427
435 46
542 363
284 812
15 52
333 190
1 537
444 590
301 584
360 468
490 346
834 740
352 502
915 408
292 975
452 374
505 35
764 286
540 983
787 396
541 569
116 560
431 929
631 792
729 409
9 667
920 468
60 945
602 177
522 12
916 816
593 110
393 973
610 238
884 742
323 628
386 916
324 955
356 950
186 708
535 428
350 938
852 780
638 993
243 536
43 352
573 832
851 215
4 372
715 344
124 403
941 615
374 720
844 166
246 242
615 15
328 895
194 807
755 683
384 231
948 239
766 824
234 455
429 645
936 290
884 502
857 363
639 87
720 947
535 657
629 212
512 990
301 64
903 845
712 718
694 322
13 579
816 667
538 575
488 155
245 189
969 407
993 559
720 501
29 790
729 588
710 778
763 43
344 291
757 207
634 411
186 353
161 755
877 282
936 26
550 822
374 284
490 873
869 561
885 155
800 384
367 567
7 421
989 805
975 248
211 26
238 625
847 221
430 169
602 152
834 716
964 577
890 545
209 681
610 832
596 345
836 140
248 245
508 8
959 285
237 679
761 945
634 283
427 508
396 318
342 352
584 815
541 818
546 723
663 455
316 247
135 35
325 109
946 162
419 594
179 738
419 329
227 604
514 473
177 228
417 131
510 492
832 207
755 190
421 981
476 526
51 905
724 266
554 390
799 461
557 208
547 275
37 351
385 42
475 787
669 792
37 294
700 213
299 68
885 65
783 336
714 982
55 998
885 236
701 151
444 435
268 448
955 444
19 259
752 990
379 786
693 609
676 827
960 910
555 168
408 976
774 359
343 141
485 425
364 980
940 289
501 881
809 545
238 823
307 659
897 100
33 403
825 639
103 883
264 721
968 163
172 553
510 366
475 867
146 841
942 129
935 741
212 681
685 400
624 500
847 201
212 190
837 505
715 112
512 788
422 962
912 746
924 136
188 176
372 967
371 36
866 263
440 111
895 430
989 892
766 889
146 896
301 767
796 801
933 753
330 399
625 921
797 316
457 900
342 200
489 426
50 160
615 466
986 630
913 126
266 215
585 125
717 130
300 84
911 1
750 196
288 425
982 975
716 893
121 13
218 55
667 375
762 425
466 639
581 88
329 966
49 959
463 928
473 916
599 320
339 227
992 248
158 37
709 522
508 783
101 964
429 273
847 382
196 558
303 106
82 387
319 150
929 97
528 422
581 566
719 745
654 522
663 83
389 454
958 122
717 124
658 605
340 36
172 622
31 963
988 124
524 693
975 146
263 657
55 629
530 494
254 664
363 208
899 935
150 32
511 389
303 978
518 325
15 446
157 911
615 564
694 267
712 207
230 694
457 355
556 634
197 307
358 987
246 766
762 942
170 719
523 65
118 913
110 794
262 521
370 855
100 352
190 973
423 409
979 185
731 126
426 174
476 352
940 605
629 655
164 193
374 292
153 53
144 353
430 296
889 429
184 58
307 139
481 907
471 974
395 309
805 732
411 873
114 253
212 483
880 906
339 564
484 734
614 610
444 381
770 188
128 904
536 99
415 393
367 206
151 273
128 655
547 561
740 500
257 338
402 924
758 718
828 577
923 963
198 34
280 850
733 225
393 346
541 124
848 244
702 707
302 629
17 705
454 389
134 739
726 548
30 128
729 350
341 123
30 255
265 404
794 290
382 931
368 515
905 597
61 6
354 732
413 738
845 361
606 353
501 441
846 384
838 75
743 656
692 500
489 68
953 455
781 79
991 143
6 946
107 387
891 529
214 483
900 331
513 105
19 512
53 638
394 754
223 334
234 505
655 521
846 609
47 155
537 961
125 616
749 453
913 519
112 325
253 279
885 215
652 957
237 940
581 145
797 563
910 384
47 860
828 616
440 500
80 761
356 130
37 479
227 826
584 602
533 646
155 849
511 321
270 666
600 649
542 899
202 908
289 663
794 839
178 789
452 795
49 704
414 696
529 54
44 215
404 146
793 661
949 913
932 382
474 65
553 993
346 721
680 689
250 256
668 739
462 150
224 419
745 376
636 8
798 998
499 364
287 781
114 697
400 621
667 437
973 698
618 947
272 384
376 680
572 970
709 645
627 796
103 543
555 196
113 30
414 757
257 272
392 938
951 252
866 462
616 425
750 369
699 978
509 254
162 104
719 806
234 960
112 176
284 167
450 474
288 674
636 867
957 287
414 10
754 183
31 385
756 717
969 902
127 347
295 592
990 399
838 788
405 746
747 457
750 936
552 540
477 396
124 817
820 810
89 207
376 907
265 686
925 646
295 862
946 937
514 431
652 268
43 641
123 485
959 223
672 301
456 875
327 192
813 444
749 333
129 827
669 945
491 16
15 907
310 75
293 91
288 968
758 657
228 148
771 180
174 295
952 317
246 816
488 315
509 65
198 99
568 109
885 602
345 174
750 293
558 763
705 853
3 593
443 478
240 544
484 801
234 69
734 144
216 317
688 605
174 448
443 718
633 740
774 465
879 561
922 640
97 141
685 546
60 498
256 146
27 559
283 512
634 209
473 770
654 962
782 35
667 561
485 415
175 66
336 692
11 468
584 467
339 140
368 159
528 60
22 481
701 872
208 688
967 526
950 248
350 297
594 788
531 846
113 154
220 717
879 865
342 702
70 894
171 423
72 522
752 619
355 517
191 296
495 665
668 204
384 598
649 442
939 700
657 52
367 619
608 277
986 923
82 872
704 406
834 488
999 540
443 53
324 415
7 536
227 79
876 560
249 102
174 183
544 319
487 157
84 148
472 293
189 812
277 871
841 886
580 822
60 809
607 426
793 394
845 891
150 187
703 631
597 714
68 701
916 828
287 844
144 155
990 932
645 804
166 659
841 865
987 554
48 795
698 190
371 118
123 380
562 791
942 23
948 778
349 509
739 458
798 74
576 954
592 59
742 88
97 890
215 664
816 416
785 372
992 527
685 277
978 806
855 664
780 579
596 84
910 954
337 135
893 224
622 880
251 319
180 450
901 25
616 207
781 343
718 129
695 198
715 867
185 230
790 537
927 770
326 369
535 467
684 322
202 549
840 102
598 44
464 407
15 266
411 334
922 339
708 690
62 549
301 510
334 298
648 450
678 136
305 549
12 819
585 630
735 10
501 638
260 968
774 611
797 341
744 379
686 934
631 349
467 256
502 525
90 283
781 186
96 5
304 383
70 889
446 838
434 875
480 10
134 735
192 192
467 144
269 188
444 290
184 902
762 591
543 24
361 149
287 956
42 283
75 708
269 38
132 510
126 795
75 628
940 154
350 54
425 467
80 64
713 336
722 365
986 340
313 743
893 372
926 243
677 94
596 660
397 67
459 139
236 484
735 329
850 846
411 442
229 185
154 116
829 472
48 458
716 67
713 877
23 351
295 484
333 373
83 937
163 869
501 894
333 747
810 314
649 61
54 101
106 243
596 868
532 747
39 194
858 655
896 598
719 118
728 326
917 819
336 286
127 439
939 411
933 2
309 522
182 676
46 886
20 846
927 916
145 857
25 527
323 705
746 874
172 781
946 287
158 307
574 793
526 298
595 239
580 527
819 820
250 202
903 300
639 137
863 420
447 355
135 460
961 972
343 520
199 204
830 562
795 230
640 689
848 194
539 463
386 627
118 627
270 429
467 117
390 592
130 839
53 293
811 606
960 280
176 243
863 692
476 118
34 222
990 862
204 636
908 344
651 927
888 274
366 384
398 365
466 850
642 474
701 532
727 583
821 842
203 660
682 608
27 785
814 837
958 852
473 274
148 212
181 711
439 400
990 466
105 669
512 999
325 53
511 813
366 421
162 564
411 876
947 623
756 947
463 834
598 484
97 279
954 942
466 542
665 251
511 66
303 659
861 160
449 696
795 248
384 75
968 932
7 698
965 164
422 808
252 708
958 759
348 547
744 832
514 839
847 8
808 218
813 183
33 146
168 696
239 899
93 383
732 539
407 672
469 350
741 189
507 32
934 564
78 413
263 136
723 992
18 864
7 141
90 770
88 50
836 46
634 267
83 999
672 858
498 669
572 265
163 457
671 477
868 791
852 226
689 341
995 671
48 504
713 569
971 196
919 19
738 646
467 782
915 356
780 750
109 455
419 801
998 636
251 272
964 567
522 902
810 232
627 913
15 150
339 39
476 909
676 810
186 581
764 756
738 807
358 533
944 302
566 310
378 182
603 704
260 208
229 251
695 569
628 911
578 480
733 410
523 366
569 899
878 434
485 336
846 943
128 951
847 29
465 341
328 637
968 646
569 632
592 797
759 656
324 887
864 786
440 969
519 270
230 687
138 589
356 967
866 728
566 41
347 88
882 949
901 663
811 486
455 163
590 73
122 748
742 559
430 83
135 726
364 964
102 749
778 490
566 925
230 226
837 840
773 319
616 731
943 730
554 310
802 911
85 352
85 892
701 194
829 825
782 242
325 90
187 971
652 132
145 94
587 202
521 419
563 673
570 972
31 839
656 379
865 129
131 759
307 589
582 525
178 889
184 444
890 799
869 398
988 575
206 409
891 407
680 453
568 454
394 876
215 260
1 205
784 334
935 210
293 543
804 790
414 858
258 253
868 826
858 683
162 583
840 19
35 672
484 684
376 604
406 28
102 833
962 305
346 795
999 496
500 529
62 207
898 260
550 548
938 180
729 345
64 969
457 724
856 952
360 508
533 257
943 305
131 155
911 745
971 960
940 444
38 503
935 857
850 416
203 80
556 389
706 297
206 349
634 374
514 553
46 934
764 292
929 554
679 658
845 38
345 209
25 539
171 527
92 366
887 937
304 299
497 997
838 474
813 482
110 918
228 880
270 700
816 918
855 414
642 402
826 846
382 144
184 625
154 884
490 281
487 38
448 292
575 86
910 929
554 951
859 84
275 324
366 391
5 277
124 683
478 213
171 441
230 661
869 603
879 56
106 691
436 639
643 962
522 942
816 20
678 612
133 362
745 220
552 85
846 59
962 714
596 570
390 935
397 29
767 119
126 512
663 235
471 56
425 674
647 449
930 427
410 801
473 509
250 847
454 265
687 985
809 544
981 431
421 965
365 103
891 328
447 19
99 548
877 450
688 446
815 434
146 38
650 592
581 706
657 612
816 495
988 22
268 922
29 767
899 556
49 519
995 381
846 254
402 100
862 312
983 416
377 889
365 647
887 663
274 473
950 801
502 156
21 261
855 749
315 963
944 463
867 679
278 793
534 632
935 298
991 879
861 820
908 278
997 620
43 929
179 163
923 131
863 190
583 703
223 171
756 293
475 375
83 796
875 767
369 523
982 22
466 56
611 746
278 977
887 617
672 90
452 619
344 984
382 746
267 945
527 146
78 422
367 170
802 155
837 886
687 891
837 858
215 866
318 811
474 143
89 678
924 276
780 451
635 296
800 941
6 101
642 404
765 426
1000 885
686 95
771 581
267 746
757 759
528 529
801 280
596 605
736 874
575 37
460 762
126 659
153 496
296 150
314 960
548 802
206 393
396 437
365 570
675 838
810 718
280 669
851 457
320 501
452 191
187 69
777 262
993 689
581 727
95 599
334 530
928 613
721 914
135 142
618 225
906 466
726 546
190 977
325 6
40 322
199 573
933 416
89 269
573 492
379 131
955 32
182 109
210 489
696 985
889 936
345 587
494 155
598 497
311 824
834 84
557 359
856 233
295 347
500 40
48 822
590 852
545 698
497 778
327 829
12 603
131 554
700 927
509 95
755 94
868 579
982 851
52 626
919 350
31 145
180 906
570 372
723 962
568 176
280 764
668 569
834 676
776 325
869 724
932 750
147 390
822 58
709 120
459 424
333 325
487 703
652 941
509 571
751 940
579 882
349 793
882 907
195 896
642 329
836 540
649 72
905 208
985 310
897 591
142 327
945 492
478 409
796 874
739 92
523 429
325 313
736 323
837 9
335 958
468 708
37 676
57 555
334 882
188 836
851 966
632 627
903 250
908 339
504 843
950 252
49 647
861 294
970 289
616 138
510 306
327 55
535 122
730 141
931 727
939 662
118 799
477 538
122 804
198 309
179 930
447 605
746 844
740 730
931 95
676 194
220 37
691 640
501 402
669 381
850 606
589 652
579 644
297 466
219 568
9 712
831 4
616 584
712 329
757 818
396 810
753 9
889 416
445 120
496 966
281 130
63 709
988 863
291 907
526 745
627 376
528 846
27 803
505 385
331 881
161 748
680 473
287 838
296 54
272 620
803 607
572 792
662 883
380 828
243 965
839 950
123 747
431 896
821 995
758 742
463 60
317 680
989 461
88 953
53 942
410 94
351 455
614 873
51 335
486 815
287 734
757 594
348 670
81 589
476 127
223 503
458 779
601 518
491 301
923 440
335 542
473 722
328 271
401 704
31 808
253 332
502 897
923 917
537 811
374 624
932 354
863 948
874 735
955 510
959 582
452 637
582 258
760 9
418 132
143 842
465 448
655 387
797 574
708 507
930 698
173 547
653 143
109 442
850 494
361 407
745 34
116 786
367 870
204 55
998 612
537 696
7 562
549 309
953 232
953 311
59 988
717 680
977 747
363 491
151 629
992 682
396 226
893 562
584 411
351 366
437 656
65 227
679 757
550 873
393 909
333 493
604 9
286 824
577 550
55 644
505 825
187 422
115 503
840 41
475 527
748 807
111 118
340 214
336 692
488 547
823 822
963 641
496 252
283 593
190 243
407 798
707 839
15 890
350 603
518 585
470 260
526 286
797 138
80 462
62 342
442 328
282 299
975 618
856 135
149 75
611 633
300 249
677 10
591 473
379 601
700 469
338 513
457 784
60 261
900 928
28 68
470 760
604 192
895 511
651 158
500 116
203 272
685 122
536 167
183 359
48 9
1 321
296 497
165 706
793 785
475 349
347 654
69 583
227 429
819 522
231 549
665 968
633 119
250 479
785 198
573 712
153 900
792 320
510 801
323 180
665 41
738 875
646 440
292 828
19 161
184 49
384 470
617 907
914 499
321 105
299 804
699 610
822 338
733 332
793 729
332 542
577 545
5 521
472 335
639 671
806 538
249 984
368 743
708 230
136 737
19 497
281 1000
993 357
513 390
969 306
839 927
938 248
549 662
707 199
224 110
303 300
410 651
963 451
260 180
177 184
921 844
235 312
18 783
680 13
570 341
602 516
887 502
702 408
71 904
809 921
946 225
607 352
489 725
95 88
183 354
505 903
44 235
160 642
669 759
550 231
490 82
455 855
757 491
49 931
714 407
787 421
265 767
217 830
769 878
283 897
542 794
256 911
61 242
700 278
409 590
319 769
889 173
466 250
851 360
435 913
145 7
397 349
780 378
611 299
524 856
992 526
471 561
763 579
764 178
497 48
630 982
505 968
599 656
428 87
439 513
400 103
852 436
458 398
945 995
396 859
775 459
117 229
663 68
206 15
317 893
123 100
385 483
862 124
108 811
869 913
136 415
399 728
115 754
50 167
670 760
820 802
119 742
881 380
88 907
921 70
717 486
836 402
131 177
366 477
272 210
974 181
293 946
403 510
545 360
907 704
963 394
684 761
856 434
412 77
858 31
330 298
299 933
830 831
437 467
258 192
127 90
410 408
559 992
781 497
174 214
179 736
971 987
576 742
488 441
741 560
388 464
155 853
148 119
323 964
150 895
622 243
929 887
162 46
467 770
21 154
739 838
287 841
582 755
210 457
684 40
14 479
780 336
597 790
324 61
419 154
659 566
183 826
205 777
954 606
33 681
469 795
706 584
150 867
803 482
31 367
199 774
795 562
487 376
455 548
458 140
145 686
839 483
793 966
634 26
10 587
391 712
316 895
223 970
922 579
427 548
960 936
224 884
320 380
108 778
619 79
500 408
866 96
372 11
255 635
242 833
643 480
92 180
16 391
582 141
921 629
557 756
271 665
477 482
352 433
772 831
280 623
749 875
279 407
844 705
530 48
616 67
801 232
221 28
361 252
822 150
110 703
283 820
357 167
871 287
325 273
858 150
817 319
402 885
579 417
368 581
401 204
207 402
659 437
318 370
751 818
899 413
227 240
495 634
543 881
816 349
494 55
470 616
868 80
553 796
578 513
375 228
796 750
553 182
160 971
908 243
394 931
995 90
799 290
513 130
956 733
609 25
694 815
79 662
110 243
994 741
377 398
452 558
696 906
167 161
823 736
772 328
979 656
358 818
712 258
836 718
118 451
80 741
890 883
939 101
1000 995
681 637
380 398
637 993
404 55
152 24
378 944
639 89
597 865
222 657
461 309
594 918
10 763
30 925
984 498
909 871
447 217
297 422
961 86
163 353
946 272
747 591
851 121
887 625
867 192
8 963
800 756
506 549
918 969
1 838
281 550
886 371
936 380
736 999
168 226
462 90
735 744
154 868
282 929
13 832
199 56
893 71
679 596
512 750
382 806
754 864
584 21
328 347
484 164
905 641
223 742
752 552
594 122
378 254
542 89
744 752
779 319
625 876
730 388
694 14
521 440
189 498
118 811
839 475
551 442
321 340
166 870
576 355
76 883
81 806
803 239
228 137
946 846
475 450
929 733
652 253
381 243
406 571
886 223
903 369
131 389
667 695
230 370
879 275
134 222
614 709
391 417
252 69
80 366
259 637
582 503
993 450
379 847
89 198
929 145
794 909
40 642
241 258
329 76
578 953
179 117
187 711
670 626
886 94
818 267
820 589
395 493
755 866
39 848
24 471
422 885
608 127
561 908
912 390
571 839
348 493
107 96
921 743
806 235
360 319
275 718
43 507
549 336
427 97
438 173
533 714
802 833
54 478
40 877
237 239
13 421
809 690
454 20
903 143
964 514
538 162
699 341
178 222
182 53
660 473
417 430
747 331
333 574
120 43
241 986
571 633
346 221
764 144
228 256
491 225
471 22
439 237
260 714
235 325
522 264
13 31
69 509
217 84
775 751
956 674
335 165
346 958
677 145
629 305
694 577
962 434
648 141
409 139
799 1000
357 198
364 1
464 565
142 997
799 204
716 765
609 314
131 887
847 908
305 531
538 105
456 17
504 310
184 42
732 38
504 727
885 671
355 881
892 257
977 930
638 709
862 623
662 298
694 136
569 89
884 372
400 380
133 468
271 46
711 522
745 842
987 386
351 63
7 813
937 869
702 390
458 849
913 831
551 876
77 60
252 531
846 369
716 19
773 144
300 510
267 796
347 974
272 707
224 165
817 743
814 643
828 502
657 99
763 630
282 199
329 82
206 463
194 594
475 786
13 1000
968 258
684 358
924 342
822 900
356 868
926 250
233 682
816 161
50 529
422 501
178 288
881 644
303 776
476 691
965 93
763 587
556 230
7 754
393 596
125 508
928 786
33 508
352 465
299 766
390 373
59 89
560 229
677 949
229 254
605 981
639 227
591 292
907 515
398 978
742 415
405 424
733 735
121 589
776 933
90 375
990 444
479 613
736 844
366 773
321 460
72 351
872 806
994 496
859 913
878 700
25 788
405 701
121 194
606 290
596 335
264 613
760 840
710 688
345 765
674 205
804 576
751 565
340 548
817 100
900 227
647 712
822 275
595 58
578 116
300 473
106 983
777 967
743 578
569 23
349 176
425 518
507 571
397 135
171 430
887 580
896 821
166 865
886 760
205 72
428 874
744 127
181 878
22 143
548 980
273 4
