542 591
665 298
666 349
166 20
756 711
918 370
200 622
123 637
233 971
905 684
48 362
806 304
140 547
492 278
892 448
170 275
671 434
472 364
580 327
60 932
472 255
139 814
420 505
410 908
295 142
176 194
934 450
758 752
394 787
416 122
155 537
726 905
10 362
578 753
222 263
264 155
754 357
343 562
846 449
565 842
781 7
324 687
836 678
455 484
996 616
907 326
256 195
364 858
548 425
766 129
850 613
706 995
720 387
304 582
810 579
454 687
898 206
141 199
920 776
308 810
657 128
670 523
751 143
39 399
424 929
876 680
508 598
602 832
302 851
108 842
896 676
144 79
164 169
694 658
481 669
885 481
564 99
40 368
428 713
754 214
840 261
154 452
824 828
176 832
543 735
600 589
271 623
973 91
178 636
937 498
793 168
737 404
807 886
857 671
650 774
475 39
861 770
91 437
85 956
928 167
313 442
272 320
282 103
111 366
107 737
44 741
193 146
734 982
189 220
129 38
907 695
224 957
698 925
169 892
833 401
609 974
809 67
754 883
582 371
18 828
444 341
918 730
465 334
360 915
874 730
543 890
37 650
228 567
837 620
509 683
253 927
24 128
937 803
908 74
330 763
604 82
299 392
937 783
267 560
758 201
186 689
521 472
304 984
318 768
851 85
226 214
680 947
858 771
360 700
608 279
843 771
97 476
360 290
822 239
884 179
672 112
464 307
395 899
113 285
157 94
190 880
625 501
857 457
798 382
828 38
237 186
943 109
448 455
619 464
444 37
559 225
606 701
278 628
432 884
360 509
537 213
956 598
257 790
933 113
323 336
361 395
917 170
357 596
861 38
9 56
898 897
400 261
128 675
407 933
841 990
300 411
81 879
111 203
789 668
955 71
135 214
203 740
542 768
299 14
662 174
690 732
297 459
412 767
778 213
339 402
119 850
102 174
323 494
31 186
997 889
421 952
590 530
215 638
210 531
51 83
416 159
101 168
774 413
460 909
465 914
103 1000
781 709
70 378
928 842
981 941
988 304
76 649
33 324
596 402
538 633
284 81
861 373
567 87
430 148
61 200
729 184
321 26
37 324
392 612
386 744
981 527
203 178
321 529
29 194
536 340
83 184
154 548
910 725
456 853
339 614
61 431
44 793
327 80
939 586
877 584
129 204
906 128
28 146
127 318
421 744
829 711
364 709
694 535
933 90
566 156
59 757
688 730
963 148
410 288
605 355
896 671
204 409
917 354
112 731
109 293
725 24
702 671
161 594
231 348
741 884
207 592
444 81
562 828
575 535
447 744
204 268
320 462
467 369
224 686
737 795
119 895
603 201
736 525
739 779
411 384
273 370
521 11
293 151
64 604
339 339
351 967
70 59
634 137
918 986
336 109
633 484
37 517
355 692
485 809
254 1000
983 936
713 570
921 429
546 891
922 915
833 761
825 866
760 952
702 725
132 774
17 949
697 409
937 383
364 682
329 64
688 544
951 789
911 200
699 867
668 727
385 167
576 641
489 524
249 682
788 28
68 466
337 950
895 264
422 983
996 707
965 570
543 642
596 755
851 144
966 743
110 864
761 130
584 569
167 522
746 556
830 352
544 564
348 328
801 414
120 622
454 455
637 249
388 753
633 164
145 120
29 749
893 640
640 304
203 989
173 286
973 613
73 100
31 75
744 637
785 538
985 931
743 676
325 483
123 257
250 69
711 658
560 905
273 601
278 618
960 370
959 188
438 144
876 650
840 560
508 412
852 969
568 596
859 975
336 339
846 771
441 262
861 135
572 819
335 866
666 892
259 164
508 625
744 545
887 908
147 552
606 258
349 248
503 124
513 159
24 384
99 619
978 383
286 473
266 954
756 658
524 301
603 330
24 712
442 954
277 895
461 573
846 627
841 77
37 981
899 132
948 440
956 321
908 592
669 849
573 597
174 68
148 470
163 857
830 379
65 72
121 335
683 456
675 349
862 771
626 901
517 190
715 931
389 252
132 432
306 884
358 747
934 112
892 587
485 60
627 198
883 939
276 40
75 797
698 653
801 493
823 913
143 521
307 792
613 122
239 809
115 707
488 617
730 374
153 348
498 942
854 445
46 707
439 534
714 763
534 84
816 939
12 802
905 227
36 559
175 393
118 378
607 362
935 71
537 429
535 804
777 565
123 387
103 205
617 102
223 193
95 536
563 372
622 160
309 14
45 437
671 867
546 799
86 723
842 418
640 159
829 672
510 429
499 753
96 353
185 796
428 843
542 889
542 286
126 216
210 39
97 857
457 38
977 971
413 143
85 268
714 286
816 209
326 808
429 787
240 204
859 292
462 952
561 105
639 741
497 819
841 119
844 91
137 660
545 560
482 912
124 621
37 38
727 810
687 240
124 65
761 244
734 313
72 293
728 92
945 801
326 337
428 421
945 386
283 256
941 251
76 925
659 488
607 619
354 295
569 730
848 662
650 341
583 753
61 1
552 119
916 518
781 280
29 440
3 88
699 130
244 178
709 613
122 124
460 491
20 392
114 410
196 623
793 200
718 409
778 719
1 506
79 377
760 359
742 506
32 603
68 363
317 802
290 791
40 469
620 654
431 892
39 391
795 855
868 411
478 354
808 696
997 390
65 172
811 801
605 185
679 207
800 33
958 423
421 160
967 861
513 854
188 811
242 851
24 447
396 703
79 682
488 440
756 943
672 287
935 597
924 40
910 986
641 975
437 283
39 490
721 56
909 705
672 522
342 320
643 198
72 716
369 880
453 838
979 849
551 321
66 113
743 547
998 73
954 58
587 696
835 952
405 744
831 416
847 478
392 105
7 722
975 307
129 735
457 562
75 795
795 552
473 382
222 990
894 531
835 427
495 20
559 21
667 519
170 621
836 279
421 593
981 785
370 263
645 4
233 645
462 619
892 209
403 213
218 764
550 568
109 394
13 924
105 192
768 234
929 360
510 655
957 319
553 213
864 879
989 54
286 813
939 286
899 478
248 715
867 192
359 146
995 536
599 659
778 489
296 314
910 205
91 711
583 294
679 797
127 458
645 175
992 520
424 140
1 450
617 166
999 186
716 669
285 439
229 294
366 197
206 764
826 251
209 814
575 870
688 390
120 834
621 30
633 464
529 263
481 906
332 413
735 614
149 568
673 326
81 802
766 620
149 281
897 530
17 764
40 994
157 563
354 260
326 50
130 317
624 167
888 755
244 27
315 426
101 557
62 225
908 606
622 294
160 872
352 517
555 949
864 901
944 490
514 811
716 788
443 936
634 391
63 491
872 290
966 533
823 542
506 315
789 30
441 67
63 965
845 473
978 607
317 176
87 902
371 232
919 172
573 190
865 164
692 728
598 455
214 938
35 889
721 907
169 655
154 23
92 741
614 315
674 982
249 45
629 378
838 92
694 317
811 223
996 103
583 75
965 532
287 13
316 239
439 799
1 664
778 559
141 373
449 357
609 273
443 402
889 698
219 492
473 440
899 163
391 702
923 205
685 336
906 749
377 19
295 724
490 171
499 845
194 578
652 304
371 704
732 475
538 265
215 293
609 636
183 385
100 173
446 922
569 965
212 406
205 99
416 857
810 31
985 150
745 368
260 500
985 405
143 459
53 487
936 125
429 409
538 586
389 478
243 545
63 225
871 563
755 438
392 150
83 89
741 25
274 826
403 863
801 366
6 900
227 626
409 208
965 254
503 295
199 272
67 645
187 729
257 890
876 813
27 977
773 812
506 306
230 393
10 952
871 998
963 65
487 667
440 302
337 119
80 398
828 3
345 97
255 347
828 909
328 658
696 54
517 721
881 314
170 122
85 174
440 41
163 529
427 418
510 137
109 154
297 221
964 314
784 822
477 125
383 622
223 746
115 378
979 428
51 744
527 785
352 369
835 281
687 442
700 86
638 689
966 409
892 869
328 950
154 170
785 68
120 977
118 478
967 46
620 400
219 991
255 875
237 495
552 11
67 360
590 962
974 891
1000 828
487 512
448 585
39 783
303 466
681 380
335 689
618 469
729 485
593 755
996 346
426 13
291 410
992 732
402 608
1 645
779 987
555 62
213 767
983 826
695 292
140 675
425 93
500 605
936 15
175 431
5 818
664 122
27 739
561 785
244 91
596 249
195 98
441 262
59 622
470 968
167 798
818 243
399 205
122 851
996 998
939 204
462 998
431 755
444 702
909 697
80 865
387 248
181 776
40 512
271 232
753 525
947 766
159 810
61 964
401 785
354 849
442 311
658 215
834 387
882 622
973 667
189 238
872 60
627 53
472 369
994 720
535 58
369 255
227 98
442 767
752 820
239 785
694 564
684 166
738 540
942 238
370 373
792 820
566 24
668 813
630 972
532 679
367 698
346 760
638 638
107 1000
289 320
635 596
340 195
247 451
346 908
39 840
465 861
297 235
757 908
316 45
784 178
587 379
894 331
204 316
465 849
391 569
64 496
548 315
913 669
938 575
259 910
457 708
938 360
71 467
66 232
482 549
202 580
535 372
657 727
35 67
342 9
750 37
718 852
873 281
12 438
14 691
975 281
120 837
218 252
792 780
518 325
828 601
454 414
1000 317
333 639
712 10
676 703
586 962
592 238
702 424
649 25
859 911
318 810
913 952
449 441
9 246
792 847
799 41
269 954
956 159
185 395
281 46
13 539
467 619
702 233
303 131
641 237
69 946
748 263
379 788
152 152
525 438
859 506
808 693
268 547
842 136
88 477
766 646
224 883
917 204
614 128
625 515
397 272
638 335
295 81
79 294
287 718
887 850
422 661
432 601
914 53
566 657
644 659
879 45
202 617
564 156
815 427
809 602
14 47
755 364
726 248
765 900
47 355
765 688
202 571
543 585
155 737
627 55
159 863
604 816
281 627
824 70
638 144
968 235
760 153
819 676
956 147
125 795
865 23
114 839
190 778
729 941
588 929
696 63
252 972
469 890
131 286
666 383
987 742
519 140
430 732
229 966
65 206
65 361
576 707
81 144
619 589
948 52
25 540
657 579
767 342
714 194
874 241
198 553
765 750
147 686
889 185
726 328
949 692
110 861
32 531
873 835
341 300
402 651
615 851
634 865
306 752
972 400
917 287
523 561
854 514
417 380
748 722
136 362
923 216
830 148
549 700
298 414
857 213
967 948
251 356
710 976
365 818
529 175
323 626
405 445
731 979
498 879
158 665
733 756
242 761
115 515
469 54
501 70
633 690
48 886
154 652
71 825
762 190
367 269
70 39
2 548
972 666
881 167
424 24
364 250
412 241
631 973
509 46
340 555
172 120
548 996
34 942
887 207
611 624
197 867
517 523
979 95
604 992
665 851
436 9
961 817
728 447
310 826
551 399
910 189
507 956
56 627
232 196
643 2
110 924
665 10
982 237
30 791
519 724
519 310
824 726
299 982
415 477
812 506
275 204
453 389
92 835
922 512
286 286
182 454
740 381
239 875
654 461
38 101
965 313
550 203
265 988
429 639
463 584
973 136
431 523
177 602
394 355
324 763
119 986
474 716
426 320
652 528
285 326
860 725
553 741
421 314
45 257
969 461
157 727
943 771
962 319
636 467
21 241
55 159
755 711
238 418
324 738
163 137
577 976
876 593
777 815
388 15
157 622
150 312
370 663
986 418
656 459
171 821
668 789
841 223
142 313
894 242
527 346
570 307
152 267
341 159
72 676
164 426
277 99
62 240
24 709
387 288
635 10
884 504
687 204
486 691
699 849
820 953
121 749
456 429
81 901
779 876
424 756
515 643
644 553
323 579
959 306
412 567
323 718
87 871
836 968
342 532
635 960
965 289
861 933
61 136
728 965
503 54
534 793
758 292
317 758
54 973
655 338
974 658
75 130
651 374
376 587
638 730
289 21
236 590
997 133
580 152
679 292
245 576
981 652
659 385
783 314
567 76
918 401
980 680
729 128
209 18
247 847
543 14
72 671
547 166
367 149
761 232
353 71
925 967
472 333
347 867
100 905
498 251
944 645
378 349
219 681
568 48
293 149
891 265
392 864
342 387
402 407
482 225
667 658
950 909
570 481
891 334
441 79
25 934
181 976
659 589
10 740
797 568
268 732
340 22
169 27
4 247
388 1000
73 807
364 220
588 780
238 600
467 777
359 994
669 644
665 603
80 649
830 864
289 426
372 797
274 553
941 277
273 969
487 211
447 581
344 292
547 461
918 704
831 563
735 212
633 148
200 408
958 810
393 470
165 298
419 437
15 171
606 415
1000 530
623 869
693 814
195 1000
11 285
548 870
647 286
897 196
458 265
904 413
527 9
812 305
789 417
952 924
771 187
422 347
381 877
561 424
249 724
350 241
855 585
782 541
609 985
409 248
789 577
789 589
439 802
307 72
102 314
35 599
104 420
537 242
54 991
144 267
270 392
384 220
477 570
963 863
226 205
740 344
216 815
334 891
551 113
484 565
646 115
772 713
418 998
274 420
600 508
450 908
969 366
296 871
447 556
149 968
287 876
405 340
685 169
865 833
492 65
649 809
63 310
456 85
651 554
993 888
867 643
497 721
320 962
2 8
267 916
519 996
172 406
954 76
753 394
812 384
903 616
285 93
144 119
899 755
931 100
242 174
876 57
53 470
762 478
226 208
19 289
814 688
925 62
166 961
149 562
38 874
410 840
675 654
139 192
834 547
602 358
654 969
917 961
159 87
199 248
945 57
892 187
581 20
110 370
567 431
688 944
298 434
601 142
136 629
688 626
268 863
540 382
827 486
693 322
36 206
99 537
850 256
99 176
785 320
406 745
418 111
598 815
875 178
486 635
450 503
851 88
447 892
572 637
629 564
842 848
282 255
483 966
82 684
29 158
879 655
805 830
151 668
358 637
301 285
280 955
778 241
765 122
881 791
4 449
816 950
76 607
990 411
40 358
519 192
443 54
78 400
248 477
790 757
862 442
221 139
931 354
182 725
20 572
529 241
141 917
716 1000
1 878
492 920
669 121
346 992
6 704
302 242
743 530
66 128
284 243
456 440
992 352
507 584
322 23
554 292
84 2
425 763
983 467
188 461
755 715
894 618
966 948
361 156
740 600
68 286
876 186
470 808
213 649
699 673
438 221
642 397
132 1000
253 890
32 881
785 204
975 748
582 768
149 646
610 729
375 510
498 544
268 625
365 887
712 762
101 539
448 253
489 548
615 478
427 93
596 164
442 51
502 991
890 447
843 157
207 481
198 371
742 281
601 767
965 75
380 673
44 258
215 307
457 801
140 961
481 380
53 981
807 658
119 777
702 711
109 172
71 747
519 115
754 253
135 640
351 277
779 239
632 284
702 118
222 284
735 661
641 162
226 180
696 406
623 819
709 955
82 201
246 495
702 983
546 507
730 539
120 768
403 715
806 191
427 439
488 714
718 66
487 3
393 528
517 296
36 235
477 72
579 759
116 899
542 32
606 576
475 709
429 956
375 899
65 821
249 60
886 64
85 582
100 980
469 158
68 563
772 301
836 977
996 103
283 850
12 382
998 359
711 562
303 128
123 379
204 59
375 521
229 432
337 489
853 312
757 443
76 775
168 607
349 729
279 172
44 877
408 984
11 398
784 365
249 358
908 916
543 865
676 252
994 529
210 133
1000 760
833 380
731 976
968 17
461 589
6 940
106 24
111 267
545 317
611 480
658 695
229 786
741 888
332 806
162 981
199 814
48 938
654 213
696 1
396 948
986 7
81 254
314 191
183 944
725 707
240 541
255 767
519 107
867 601
225 369
614 290
874 687
685 563
458 980
360 294
883 343
435 611
661 731
479 358
173 317
512 877
87 911
723 132
463 954
353 159
310 284
520 927
569 551
168 312
784 535
732 810
25 633
314 256
5 594
482 561
212 658
750 999
850 80
8 286
983 575
989 608
367 796
680 920
3 713
206 237
929 951
288 1000
571 265
923 968
160 181
342 705
899 278
879 502
929 982
666 68
456 690
855 962
586 509
550 808
873 666
595 635
770 802
780 33
443 765
764 806
987 916
999 821
499 190
642 793
223 368
145 386
110 756
529 874
915 799
214 313
917 349
346 912
959 129
792 459
883 537
456 312
492 219
496 885
988 445
631 513
334 51
515 26
112 6
517 368
665 995
351 524
844 498
861 71
93 815
76 939
785 977
511 940
529 584
499 627
98 179
966 311
597 908
851 880
271 882
395 295
48 850
128 573
284 118
762 866
513 502
488 765
905 968
133 843
741 71
729 908
674 551
429 772
551 631
461 262
560 851
962 509
143 440
653 429
317 462
505 379
686 986
989 117
466 602
257 318
391 373
271 748
855 599
617 788
361 686
71 549
936 843
243 571
931 887
61 854
148 92
594 222
911 223
597 373
100 506
7 116
1 941
600 814
325 651
900 94
886 588
720 757
480 758
582 45
400 291
828 510
549 999
111 613
906 208
388 379
635 159
880 646
370 696
499 973
342 365
441 639
795 836
605 362
502 309
647 523
172 726
312 573
398 758
526 287
413 44
170 164
749 98
290 630
557 615
403 274
349 80
377 967
217 697
246 474
428 270
718 633
319 191
35 529
487 962
511 4
355 530
934 682
472 186
31 219
620 42
134 214
933 220
992 347
426 831
609 69
405 801
784 366
965 985
102 808
976 474
110 860
638 937
792 680
677 45
512 661
163 370
212 280
148 360
257 129
205 160
294 650
801 891
692 184
254 384
46 638
172 779
152 255
750 358
688 176
388 992
749 946
87 204
104 48
669 139
224 622
575 60
425 281
784 382
642 560
43 528
271 204
716 963
696 389
648 274
916 446
679 492
107 893
210 880
105 548
660 208
421 405
10 128
413 442
552 623
36 762
96 746
318 942
752 83
167 154
425 271
305 421
86 60
254 636
437 569
90 339
691 461
791 371
246 320
869 187
84 377
680 353
282 230
612 16
192 244
285 631
854 682
465 632
943 559
295 524
103 517
256 900
42 521
948 532
25 431
350 811
130 661
477 651
602 701
672 63
378 611
139 180
456 295
824 722
39 748
677 669
508 859
857 103
408 27
846 410
199 513
571 965
197 883
624 859
627 59
696 134
772 255
543 114
146 718
423 882
422 309
458 18
167 954
473 236
39 386
487 804
302 287
303 999
84 816
457 950
437 671
621 192
567 937
978 762
577 47
312 972
791 837
62 96
835 17
260 701
955 671
560 294
345 504
1000 184
212 313
449 120
40 74
779 740
448 229
179 577
347 285
266 586
414 23
925 653
639 739
364 811
621 515
730 402
740 657
731 522
698 912
523 615
547 827
590 916
763 938
793 47
538 326
358 912
33 103
627 55
493 956
666 718
559 626
695 409
159 859
392 827
110 194
136 635
665 706
431 980
822 373
57 265
748 413
623 744
585 294
318 131
355 173
728 903
836 835
117 569
436 500
927 285
488 177
19 660
209 60
749 134
829 96
443 392
835 301
887 344
219 736
824 160
671 791
15 511
404 347
138 58
883 107
957 265
392 25
937 913
837 8
546 762
86 24
50 9
100 756
588 925
900 358
15 483
439 667
406 550
106 830
419 917
157 533
20 480
746 389
950 59
339 989
471 957
125 48
809 549
4 526
390 520
435 567
502 561
492 623
466 639
136 109
597 768
806 96
969 731
844 668
810 881
577 532
673 689
95 29
807 867
630 840
7 726
859 524
80 125
879 715
928 71
320 950
68 914
609 236
385 875
789 997
966 140
714 629
417 194
92 703
150 21
204 996
876 169
305 651
263 236
647 519
616 775
511 369
828 602
25 94
423 342
159 70
938 681
208 43
965 666
702 31
635 759
629 986
132 396
389 711
988 924
948 74
386 192
13 582
403 599
685 201
976 216
1000 77
501 728
775 48
541 664
605 906
262 717
731 389
40 363
559 453
349 880
970 778
417 29
284 20
254 206
672 880
660 194
755 789
536 333
305 499
974 823
799 520
757 552
67 856
375 364
697 958
380 785
433 791
128 907
209 57
140 578
509 317
752 600
870 839
919 4
153 42
944 559
276 354
386 331
585 919
66 129
724 602
996 685
825 784
168 673
534 353
199 94
487 536
40 904
56 570
338 621
725 287
575 673
607 116
227 611
794 941
73 129
807 595
389 804
766 310
508 756
664 516
922 726
680 671
887 799
447 584
429 906
326 619
212 160
700 479
133 959
630 184
862 730
192 421
262 941
508 149
586 656
542 508
716 430
565 418
303 295
806 914
220 582
788 863
332 918
920 975
252 780
850 957
126 857
920 844
569 317
104 342
111 676
336 113
695 429
138 454
453 611
295 933
103 223
955 604
944 238
816 316
76 5
694 603
220 819
47 3
148 920
867 783
65 418
566 977
897 702
641 91
195 864
86 115
734 842
321 797
100 552
980 682
163 606
69 477
593 234
176 450
492 947
353 271
838 249
868 237
663 790
943 587
555 96
990 582
451 745
263 829
691 43
456 554
188 614
806 651
381 62
801 335
396 21
298 489
951 198
222 412
679 399
531 301
475 868
237 332
674 865
85 873
208 965
584 48
437 231
582 791
444 818
436 261
128 803
693 794
804 690
543 776
900 251
465 139
956 609
878 677
863 159
924 984
305 503
53 761
79 586
509 415
1000 89
138 844
200 770
226 40
147 524
690 765
36 115
535 72
407 783
475 788
9 733
564 773
534 197
769 344
409 256
283 211
816 735
342 589
672 16
822 602
147 577
542 409
771 95
302 495
410 419
217 577
652 972
324 554
596 903
733 297
800 615
958 101
68 7
482 33
483 762
595 750
386 853
269 488
989 28
919 628
820 871
103 83
862 826
963 883
304 18
395 655
907 315
143 229
611 594
495 934
263 671
542 943
464 408
393 927
315 505
96 875
546 350
94 718
586 582
92 801
712 154
190 463
124 73
882 85
764 34
999 406
570 840
442 17
545 858
533 922
842 329
313 184
93 801
481 706
43 19
152 989
777 908
426 297
198 896
467 560
832 509
619 523
84 500
837 404
18 201
697 362
908 30
440 579
462 300
651 970
818 200
56 421
717 779
945 880
900 499
221 159
191 998
968 793
805 505
901 640
659 526
563 241
963 195
231 366
576 863
218 337
895 418
117 96
185 456
802 792
135 618
194 982
398 118
413 494
75 299
335 487
195 276
631 256
682 772
940 57
767 158
514 927
961 123
361 38
443 53
129 4
598 774
75 290
149 125
421 92
678 194
441 124
151 543
54 839
810 218
258 564
912 387
636 8
947 917
575 444
777 466
993 49
131 668
112 220
246 342
272 93
415 512
693 648
119 476
596 613
232 578
793 928
958 765
989 747
630 951
924 787
9 620
32 582
892 125
936 949
956 163
765 175
374 992
580 985
881 649
242 918
988 95
414 259
192 858
757 326
673 260
168 381
713 103
149 803
530 395
717 794
708 887
978 931
631 499
557 156
151 582
262 179
176 712
896 186
812 290
178 173
51 637
731 164
137 956
24 796
821 45
889 822
444 986
991 716
460 79
771 798
54 783
329 621
15 666
925 667
269 26
392 704
766 399
556 78
994 457
640 403
403 391
888 191
56 431
88 464
90 146
332 97
811 205
815 154
806 128
42 747
50 550
941 524
733 188
579 453
53 720
807 433
818 72
331 984
383 589
52 356
931 514
692 283
100 461
656 717
48 508
971 548
451 828
294 649
636 286
3 440
815 241
93 910
244 693
984 637
725 538
55 53
257 936
627 938
83 900
199 696
495 694
922 576
360 350
112 890
608 805
893 737
315 945
998 242
684 363
100 824
347 888
55 124
114 19
650 222
939 659
880 769
319 793
240 79
690 545
697 111
809 654
869 618
98 567
808 416
775 700
264 864
875 590
702 520
834 682
183 474
582 231
94 398
868 634
716 261
159 228
680 7
908 996
329 218
462 871
740 667
4 799
180 219
290 59
94 847
891 69
862 704
352 825
14 33
480 408
140 386
372 826
645 682
132 528
743 437
242 117
853 879
792 808
852 459
886 793
71 498
203 322
357 101
425 195
481 69
761 221
417 770
941 547
498 837
114 650
670 235
368 981
626 136
748 216
265 808
341 457
123 240
855 388
65 788
758 779
534 609
982 992
731 830
31 484
686 269
60 272
438 679
374 530
849 717
852 309
751 958
290 140
183 633
909 938
820 219
820 887
431 84
479 36
987 536
728 673
893 561
455 225
784 465
370 488
451 193
464 859
797 972
973 322
580 115
955 186
308 773
269 474
951 777
999 338
649 959
638 641
822 588
315 959
712 319
755 860
674 984
788 572
383 567
351 3
495 648
811 386
240 207
181 859
687 923
799 69
408 971
613 877
585 377
60 80
741 926
950 956
247 592
413 390
934 599
207 72
500 213
655 755
935 462
993 133
64 945
88 484
458 998
646 809
749 276
985 200
236 697
463 908
850 970
331 155
762 509
661 656
731 174
614 221
55 891
104 609
132 89
85 233
261 152
220 252
471 472
681 768
206 787
217 456
514 643
222 871
748 775
571 203
43 429
978 190
900 65
11 942
558 211
764 132
978 926
434 75
209 615
230 835
45 166
648 454
406 487
551 514
698 421
19 287
294 413
28 687
834 273
988 180
548 611
966 625
868 428
552 659
414 742
903 763
715 849
353 106
726 400
699 74
58 743
453 955
334 400
288 703
289 777
591 953
613 257
29 230
621 393
284 158
740 509
221 317
238 522
67 135
596 93
730 475
774 635
989 963
478 960
912 850
283 448
987 21
748 654
137 552
765 874
854 589
448 366
307 514
25 242
737 966
183 430
734 469
582 879
116 882
485 716
471 334
919 705
565 977
331 867
727 75
452 211
537 228
22 452
19 394
122 517
520 938
62 298
182 104
584 672
193 488
538 181
22 445
770 949
667 802
758 180
604 245
474 254
233 304
212 752
236 296
902 610
872 579
654 816
160 423
938 803
574 542
327 828
32 807
227 301
251 312
591 472
886 122
558 907
945 651
698 164
588 76
468 310
878 542
254 937
307 494
239 518
442 810
782 592
698 739
622 22
791 305
873 810
298 968
747 772
473 337
337 915
962 652
359 956
697 559
361 874
809 184
490 205
257 480
748 230
898 362
345 964
208 632
861 576
676 246
800 781
687 339
894 288
961 283
89 854
471 73
18 744
381 622
39 267
512 917
575 109
298 816
17 702
409 74
417 242
195 340
946 151
238 753
36 432
772 191
672 492
341 220
534 804
763 277
694 376
207 997
274 462
811 400
871 624
240 553
517 422
27 945
885 950
167 965
148 133
227 212
160 878
683 940
369 117
122 357
556 540
870 488
364 645
731 179
486 568
961 925
704 517
939 977
836 207
185 667
349 749
843 678
992 144
583 506
836 499
594 655
26 367
927 310
516 580
321 167
663 500
671 623
389 397
785 318
703 348
374 626
674 216
17 260
115 774
476 318
823 179
836 184
505 420
928 550
477 885
416 981
306 261
772 206
424 317
375 732
586 321
917 778
818 401
815 181
602 159
247 789
48 91
3 244
820 568
685 319
494 442
580 415
981 48
826 437
301 734
949 786
981 342
9 965
158 287
152 722
231 605
697 752
121 408
859 599
449 326
85 290
241 797
958 479
940 138
341 792
505 583
568 168
624 421
799 868
247 284
407 91
420 500
718 851
240 157
214 211
920 69
901 484
463 742
14 332
95 414
879 681
458 436
10 835
129 388
231 547
934 752
553 358
361 489
953 576
113 983
380 739
641 55
76 686
117 578
436 531
682 753
572 209
385 307
232 564
671 426
811 208
525 906
509 606
553 911
243 875
153 859
615 257
282 589
901 535
893 356
428 12
881 250
576 60
990 911
56 935
57 257
279 206
885 989
476 934
820 639
85 988
710 959
965 245
573 633
716 95
619 841
794 87
390 188
79 405
494 417
751 919
404 774
652 717
914 957
788 604
718 688
22 785
630 234
168 789
48 732
170 236
177 568
669 102
718 332
927 805
751 6
734 758
650 877
753 261
548 553
618 724
765 800
999 683
910 868
918 280
959 519
294 463
703 642
891 331
482 852
721 563
702 160
719 308
210 901
145 171
742 399
146 412
359 655
468 547
722 722
423 466
978 955
526 446
48 330
541 847
25 871
659 247
627 648
875 163
254 928
838 770
64 192
3 740
857 607
106 926
893 107
237 372
5 29
849 613
78 291
32 677
267 590
86 605
274 985
435 483
418 559
87 296
35 424
784 28
537 240
282 221
881 310
280 555
156 485
497 545
60 611
120 880
217 237
133 347
790 269
321 877
742 581
508 693
502 314
904 560
744 141
392 612
99 371
385 348
699 429
984 28
831 310
832 285
633 581
55 441
307 110
768 258
286 539
705 651
730 429
261 19
324 771
265 578
690 124
809 162
103 940
282 93
173 914
865 967
610 248
176 146
195 603
981 275
386 385
25 367
220 136
55 804
658 264
127 291
44 370
864 175
855 629
206 676
934 485
686 397
343 426
901 954
950 828
554 328
842 890
654 201
716 844
299 535
871 29
374 837
262 412
853 51
83 886
924 778
699 12
533 657
48 899
145 112
646 141
228 848
233 649
547 117
68 17
292 397
449 649
672 715
295 665
845 346
120 551
860 101
501 951
57 810
332 351
68 53
223 806
362 252
291 164
430 838
108 882
105 656
199 211
974 826
338 856
303 370
842 239
994 121
710 664
524 780
488 871
121 220
896 831
983 57
775 99
472 133
216 433
618 701
958 933
103 456
377 579
396 214
394 265
299 480
114 237
176 630
86 421
181 653
888 457
439 701
50 820
820 245
698 257
347 14
744 283
7 22
229 670
388 405
776 332
450 769
838 223
873 840
815 587
350 585
467 659
237 855
112 315
223 382
116 585
801 655
975 574
220 266
663 765
487 882
780 261
85 308
161 823
124 978
179 906
913 192
735 461
2 546
444 893
682 422
553 24
491 14
92 534
974 878
484 997
229 927
70 65
639 230
736 412
972 328
79 846
540 415
860 594
157 724
469 63
347 429
689 560
72 372
986 624
813 966
14 553
969 646
600 682
586 46
256 77
11 629
829 655
474 595
702 578
283 293
925 69
211 984
84 156
894 505
679 425
76 685
907 161
538 539
290 511
499 760
447 33
312 485
695 315
949 661
872 751
760 314
97 497
570 548
957 338
335 587
52 402
666 768
665 944
304 460
150 183
767 174
21 507
155 279
806 885
511 577
515 83
906 144
942 394
698 22
154 898
17 115
924 943
685 153
237 960
712 914
406 709
473 156
552 290
748 633
356 287
608 778
696 582
790 457
650 904
865 848
136 686
743 120
466 415
953 23
832 260
706 545
714 99
915 66
29 927
590 903
790 474
341 249
799 423
260 793
581 638
658 202
60 405
464 581
875 253
32 867
655 217
734 864
350 488
723 24
788 374
386 311
975 379
548 77
537 362
186 275
255 609
704 222
115 788
604 547
363 929
595 839
199 38
861 563
105 553
748 432
670 61
213 730
381 255
676 231
266 882
822 842
432 347
841 370
887 834
377 538
99 354
745 892
76 483
572 949
943 983
426 888
481 895
913 458
779 636
413 1000
519 568
28 60
736 146
690 368
265 549
686 81
380 389
605 88
38 434
67 732
315 959
499 630
701 606
587 658
357 481
505 38
167 34
740 529
461 244
330 85
862 917
805 270
670 965
555 370
892 897
831 232
818 509
400 445
169 946
891 371
19 887
726 726
334 442
728 165
649 989
495 26
618 95
535 344
208 86
388 868
363 810
801 158
141 625
482 514
358 291
496 53
324 665
117 224
135 533
774 951
233 772
313 585
490 599
720 381
906 715
598 318
193 108
154 289
971 834
668 713
197 547
747 75
140 480
921 68
508 798
964 53
340 580
7 626
885 60
307 975
824 147
326 945
505 106
356 736
257 420
234 443
792 595
100 849
83 802
170 764
796 961
776 461
500 878
271 315
219 885
3 173
226 436
726 155
418 877
789 345
472 372
838 869
208 931
565 194
890 41
831 410
579 880
704 732
544 12
885 316
156 518
751 64
28 411
122 685
17 489
629 907
340 369
420 344
293 703
248 989
196 366
315 379
193 335
955 197
929 27
556 500
492 325
438 851
91 848
220 313
195 780
540 823
460 104
522 598
460 381
108 887
687 331
793 364
455 68
795 341
324 998
770 467
692 328
61 321
185 590
448 433
636 77
668 502
396 243
23 248
303 34
52 430
814 742
654 167
577 387
286 233
552 529
496 729
918 651
729 105
150 314
413 628
132 283
313 171
569 558
549 630
392 390
708 572
788 699
622 230
796 166
845 90
714 876
706 985
365 166
511 127
233 686
435 804
837 33
132 714
339 236
742 704
255 869
759 591
166 556
820 986
404 597
542 652
186 108
471 992
63 312
728 322
644 620
914 827
728 212
43 770
206 373
125 681
1000 198
666 491
809 626
348 367
131 801
651 864
486 39
208 243
257 419
934 533
404 963
35 573
181 5
477 167
138 309
522 21
204 7
146 963
728 696
226 314
590 400
393 18
958 479
292 419
103 141
262 947
851 139
401 207
448 235
101 871
702 981
619 232
729 719
446 443
446 316
412 298
450 862
4 918
859 861
393 490
147 140
852 397
878 525
736 808
55 976
595 529
141 131
587 267
722 613
270 848
817 716
961 486
307 96
668 994
207 913
135 362
245 103
485 70
319 284
867 147
58 193
412 944
716 685
744 358
422 763
509 819
909 595
776 582
405 922
471 825
447 343
190 877
778 356
530 889
149 220
565 263
193 434
155 487
220 463
257 589
643 875
65 35
598 558
998 146
998 924
335 626
157 585
531 120
195 531
684 642
235 46
676 300
102 661
76 681
928 524
671 510
32 458
148 574
909 493
495 403
915 766
266 939
595 344
385 738
62 844
889 440
713 21
493 857
606 42
833 645
276 318
268 268
626 736
661 116
494 44
306 941
426 822
128 813
218 569
863 835
807 607
243 328
313 578
344 649
200 368
219 418
822 506
637 360
989 44
609 583
936 748
387 790
26 392
316 603
206 398
365 111
620 869
405 764
627 221
786 775
76 146
30 248
84 858
615 365
884 327
913 586
555 3
747 472
535 583
550 914
911 111
916 392
307 548
627 425
402 978
879 924
123 703
455 173
363 164
736 792
814 664
169 31
793 329
592 420
272 940
740 577
602 610
277 83
829 117
759 812
363 956
614 547
734 393
135 926
745 11
392 896
543 510
920 546
251 307
144 42
453 888
404 896
817 734
198 91
860 935
121 408
18 925
850 869
276 205
253 408
158 243
614 423
917 896
6 649
625 994
851 513
232 202
962 142
209 724
457 551
684 703
81 966
363 184
242 57
558 99
184 834
782 710
709 70
256 972
547 282
779 359
614 643
929 518
879 268
977 617
462 432
789 238
610 177
529 689
897 753
126 442
891 879
44 875
930 13
24 620
323 251
468 696
448 709
257 543
795 570
307 949
641 362
661 698
356 953
312 168
697 100
15 387
846 457
180 59
75 52
955 498
898 512
428 783
381 281
821 500
122 914
690 46
317 575
950 211
297 479
78 799
338 820
203 763
900 766
509 382
768 666
60 476
239 193
441 44
964 854
130 263
36 952
575 654
785 874
4 79
163 684
233 881
248 10
782 453
848 701
477 884
34 227
156 762
183 187
950 780
45 638
57 373
699 184
308 640
927 366
171 556
25 213
382 395
226 808
688 179
443 121
985 956
528 83
502 777
589 72
850 592
783 21
214 787
10 811
882 633
628 102
590 76
249 139
277 921
190 332
72 540
663 305
951 748
796 956
227 583
654 221
864 991
217 194
470 765
160 341
139 555
844 116
518 856
971 361
846 815
631 912
813 819
368 946
454 857
515 436
570 563
425 333
179 901
99 426
368 780
819 933
386 653
136 444
327 559
950 742
26 550
636 364
352 470
397 106
196 533
580 445
233 687
119 672
405 268
883 856
7 167
476 235
183 735
440 576
60 786
850 649
481 846
407 954
500 145
47 851
323 147
963 104
562 551
311 342
336 201
523 351
996 960
74 561
758 703
608 124
521 273
187 810
787 515
741 708
634 525
106 781
513 854
197 64
22 716
648 395
638 778
913 116
547 781
215 687
812 794
866 957
283 64
524 618
926 428
756 18
308 62
892 12
73 109
104 635
679 350
393 541
238 53
445 38
313 136
834 606
812 599
804 985
689 216
637 853
649 487
705 73
114 986
206 70
120 324
936 361
173 610
910 525
802 534
868 687
30 30
368 469
429 967
500 429
152 353
222 193
586 302
124 35
459 751
395 74
607 759
672 480
252 524
635 446
744 545
384 801
840 429
918 549
645 754
291 430
843 77
765 854
337 730
594 524
70 100
981 301
119 965
317 155
492 659
706 948
651 980
377 534
905 930
554 79
440 549
169 101
557 206
549 930
921 58
60 116
242 762
611 925
504 370
185 567
307 511
329 443
853 68
36 809
880 544
781 372
707 375
501 318
193 910
103 324
105 802
10 59
221 193
127 737
984 475
952 289
285 940
933 940
692 457
543 626
381 723
736 641
824 758
584 47
769 543
982 347
493 718
338 963
404 176
4 187
443 932
86 315
582 481
863 722
91 81
157 399
286 567
522 258
66 405
374 784
392 354
657 488
415 349
770 595
945 324
441 37
50 765
881 411
88 4
98 894
689 602
568 83
106 841
464 423
149 802
121 43
367 357
979 913
215 543
955 200
267 98
635 131
587 213
695 937
699 42
561 686
450 338
384 847
383 881
507 777
580 493
209 179
248 277
928 72
701 449
108 73
500 833
150 927
534 857
577 990
474 714
314 517
747 278
333 541
836 125
161 950
617 84
418 720
706 104
55 171
69 137
982 468
278 226
325 809
121 538
428 834
834 285
615 197
483 806
35 206
152 364
194 368
176 818
592 976
605 695
14 204
735 343
564 717
121 808
858 214
27 306
433 231
960 766
12 297
279 280
802 358
845 244
278 231
722 365
846 496
980 418
98 459
99 420
510 428
552 558
374 67
870 561
479 993
273 935
586 479
739 901
307 893
329 307
737 563
65 146
935 634
621 147
322 547
196 964
434 484
367 820
359 934
126 185
68 571
408 301
387 23
668 439
411 579
726 406
746 206
747 801
348 91
106 205
438 693
897 621
475 566
171 424
956 955
929 295
138 44
83 528
221 838
882 81
416 291
136 293
280 158
297 693
917 75
360 916
731 155
502 173
867 506
217 149
695 894
35 502
835 456
344 336
760 823
325 995
35 786
75 57
507 823
482 418
846 130
645 377
394 501
315 798
771 4
167 976
886 915
100 726
418 432
708 659
275 684
755 28
776 39
651 475
86 133
631 794
536 185
926 440
236 261
445 966
957 364
480 94
47 214
277 521
487 932
548 190
642 27
683 911
530 127
281 528
863 382
140 422
44 676
109 498
90 610
867 703
226 960
177 978
642 60
879 146
174 777
13 154
947 175
396 376
238 647
893 643
389 905
852 793
168 249
706 941
65 990
463 366
282 203
274 549
797 820
847 215
725 867
974 500
193 229
318 152
428 470
1 667
42 885
223 15
965 315
121 775
28 454
565 757
582 63
822 162
317 284
309 179
860 982
248 986
303 45
522 229
58 573
782 530
630 958
332 74
244 599
265 136
615 74
392 996
292 959
358 367
325 657
871 962
872 646
500 139
440 348
613 533
476 115
782 465
132 810
602 825
780 712
508 39
980 202
522 500
592 243
291 55
714 89
543 437
413 531
773 998
939 333
750 422
312 463
576 409
208 9
726 94
779 957
638 809
605 205
34 847
697 945
371 916
622 654
160 270
648 95
953 732
494 629
197 950
431 732
772 719
898 558
844 339
656 202
436 831
824 84
336 77
100 644
825 355
172 446
940 901
779 800
675 474
975 382
290 235
841 832
708 170
170 726
667 7
830 732
687 429
687 90
322 557
69 517
879 479
642 946
636 784
194 254
620 1000
175 74
622 950
626 355
915 821
683 116
23 617
465 27
515 897
537 108
689 827
552 684
716 931
891 26
17 262
252 627
387 478
437 593
457 220
79 494
950 267
365 650
365 760
760 77
248 612
378 417
527 303
723 179
209 343
875 410
421 343
845 748
19 938
74 680
482 80
113 72
804 530
356 532
824 839
990 571
688 687
458 428
889 522
815 265
256 723
413 371
702 621
845 281
995 883
220 315
548 278
778 503
132 819
33 836
890 953
906 659
507 889
864 671
126 579
234 362
598 77
694 818
407 750
530 333
814 237
187 487
120 279
480 908
323 493
954 543
969 16
825 926
885 985
883 621
210 66
443 72
758 573
538 415
707 983
784 798
572 303
330 19
93 420
445 836
981 693
210 470
463 590
52 709
725 627
72 190
824 71
137 552
945 592
925 484
919 998
337 808
884 319
565 119
76 647
244 953
285 614
647 359
918 215
144 263
730 910
239 226
23 444
782 679
535 492
807 639
873 521
856 109
874 54
293 749
347 690
303 767
869 934
685 778
383 594
748 567
121 660
497 418
663 788
468 141
759 318
311 373
190 556
822 406
591 240
386 371
26 855
600 297
16 517
49 893
966 420
926 25
143 526
202 862
981 982
550 183
718 265
917 210
949 357
608 650
274 968
391 324
502 374
278 781
454 547
442 892
574 907
585 887
326 37
485 75
255 436
357 466
171 762
204 930
93 964
686 943
483 270
693 976
102 700
190 392
378 667
835 105
330 201
644 191
814 542
844 939
706 900
442 14
240 399
203 284
962 667
649 482
901 530
358 172
136 898
130 368
949 735
79 754
735 17
308 9
557 988
411 878
513 644
334 37
85 786
603 701
741 866
89 382
36 615
528 351
226 762
701 464
399 676
445 720
562 163
341 219
972 43
752 372
926 547
267 412
4 301
513 585
557 190
684 927
698 130
401 554
914 659
417 898
814 474
495 926
65 913
778 902
529 406
1 501
104 856
966 923
374 387
577 45
827 252
709 357
700 256
615 158
442 741
612 311
558 764
963 401
578 812
799 565
257 722
204 29
384 639
761 620
31 668
52 35
839 134
727 433
331 707
66 858
588 234
380 980
811 393
851 16
577 525
261 607
377 221
889 591
708 199
761 40
55 528
931 500
821 130
99 912
149 379
526 757
240 606
186 534
108 741
742 534
59 178
249 144
134 37
356 174
250 553
790 505
157 106
454 333
847 160
858 690
709 844
534 701
202 527
135 849
81 378
256 497
869 757
233 145
742 78
157 190
825 941
579 660
169 902
896 672
8 786
137 936
106 963
352 433
943 22
599 681
858 440
178 709
936 147
398 792
361 327
177 477
883 235
600 208
702 412
735 878
832 80
862 193
952 413
224 109
88 663
861 901
332 506
932 555
631 797
383 428
752 487
98 437
212 676
392 109
454 326
94 840
329 946
117 377
919 194
896 66
595 145
368 530
252 177
587 956
308 169
82 101
87 927
589 90
737 972
475 292
838 707
650 456
258 167
471 616
523 411
628 845
396 143
82 891
564 966
368 909
440 295
922 22
923 561
146 663
858 554
484 809
557 970
600 568
313 737
216 459
758 580
681 678
522 314
785 271
19 212
91 578
521 171
566 29
700 23
258 114
95 104
404 937
138 512
326 386
883 707
594 763
135 964
894 831
989 214
563 851
61 293
940 894
202 918
289 704
378 786
342 749
726 684
105 991
651 698
422 770
540 471
799 337
263 29
629 147
198 618
301 59
57 614
461 708
722 44
265 494
469 325
295 4
736 905
312 958
787 661
1000 294
501 388
187 227
542 141
801 680
27 147
30 166
773 70
711 569
514 436
913 146
120 329
310 189
447 205
903 988
335 995
511 426
278 112
545 563
602 845
191 548
879 527
71 720
856 115
602 392
649 609
101 217
277 286
51 109
962 101
593 449
873 364
766 487
354 247
757 486
463 18
863 44
888 456
463 128
339 333
338 795
238 407
734 133
154 926
435 66
642 634
51 171
655 625
882 851
711 205
142 664
695 263
67 554
233 644
864 863
364 739
319 976
541 618
913 814
743 671
449 640
578 816
238 513
278 409
779 850
389 103
378 136
539 200
962 886
738 327
908 410
128 534
626 464
615 422
355 846
369 312
452 165
957 481
287 124
627 607
909 95
276 587
505 648
470 357
919 984
904 120
142 243
316 775
30 882
702 553
190 737
509 36
565 712
655 770
350 872
532 233
714 125
936 600
407 62
187 668
959 357
182 93
374 389
948 576
419 105
806 553
590 554
944 935
43 827
923 330
582 381
773 186
374 10
153 385
285 379
649 676
980 193
299 81
784 84
953 950
74 158
92 769
572 123
976 121
504 809
260 870
611 9
408 279
322 56
476 42
933 164
609 58
310 83
47 47
285 242
837 316
35 205
474 992
771 890
500 673
422 270
910 34
376 380
427 810
515 434
861 901
560 403
236 763
443 62
429 122
948 559
312 1000
623 541
49 773
364 535
460 461
24 323
782 260
486 648
352 813
820 708
368 367
696 501
869 794
864 432
460 149
25 555
991 105
394 628
731 703
84 359
955 269
735 227
648 577
98 242
292 793
250 247
666 109
948 637
137 816
530 352
965 467
82 196
890 627
473 544
140 953
652 106
55 75
786 458
595 970
999 25
514 411
604 7
887 137
915 33
902 165
2 370
494 565
477 257
554 180
11 353
